861416161111 01111111.

1111111191, 1 111111117761

111111 665, 8. 696, 4 6611618567

111611 688, 8. 785, 1 ornatus 598, 4 P

111664. 188, 5. 795,5 emp· 811, 5. 817,1 ·

1111481716 01111595. 185,5

111171111311791 1111111 ·
1 ¹ .

1161165516. 7861 019 54, 1. 487,1. 585, 5. paee 556, 5. 65411

1817596 6715, 691,4, 6954 711111117615. 8449

1111111161· 781, 2· 1867 01116164 1111117414· 8191

»rbem 61... 1,,,1 01111191, ⁸ 81111171, s

1111817, 1 01111119964 11111 ,1164 617. 6· 8149 .

1111111616 856, 6 ortt 179, 5 punse! 558,1

1811118114, 9· 111, ⁶· 1114164 1861 11811167

34615· 4985 ⁰1¹¹ 390· ²· 41319· 1668· pasto 5⁸²» ¹· 5⁹0» 4· ⁶5¹·

m37018 1 9 80014

rea 679, 1 Ρ16161111478, ιο

1111619· 11869 ο11111799 ι’1118118967

reo 168, 5. 197, 5. 568, 8. ortu 546, 5. 868, 1 1116415, 2

687, 1 6111111571,8.411,6. 819,5 ww, v. 7166

11116165, 7. 549,6 0111167541 P‘fssm 3521

11711868, “52ae 51,1 71411 ,4

1111111486, 4 61 ogis 548, 6. 588, 8. 841,8 74461 718,9

[1611111491 01115697 · 7141151716. 817,4

lina 497, 4 oscinem 546, 1 81111111 41,4 ,

line 549, 9. 646, 6, 755, 6111115816. 156, 5. 197,4 711116 588, 4. 469, 1. 515,

16. 871, 6 osculum 171, 5 9. 8894

1611114196 0611118686 1711166495

11111464 ossa 446, 1. 481, 7. 489, 8, 6166115695

inibat 155, 7 ΟΕ488, 8. 768, 1 Palatium 744, 4

11111876,4 bunne, 3. 588,1 7114811664, 7. 671,6. 86ο,5
itur 885,ss · 666616175616 7111666144. 676, 8.717,5
6876, 5 9116116111 866, 1. 966,4 71111761,1 , ‚
154, 5. 151, 5, 496, 6. ostendet 575, 5. 696,7 Parmam 166, 7

546, 7. 566, 8. 445, 1. 6111611517.5.811,1. 8144 71111456, 1. 516,16. 588,9
546, 1· 447, 1. 509, 1. oflendi5889,6 . 8611111117,1.19,4.164,1
·οο, 11. 755,1. 774, n 661661155416. 515, 8 71111897, 1

rotundo loqui 961, 5 ostentare 566, 6.· Ρ11116 51,1. 65, 9. 466, 5
tumido dilitigat 886, 5 ostia 566, 9. 616, 1“ 71811111 816, 6

stes 656, 9, 15. 881, 6111116141. 675,1 7411116111719,11
0 1819714777611· 6111181111919,14
866,9 thonemfl 1³²¹¹⁸t ⁶⁴32 6· 7⁶025
1711116 896, 11 ot} 555, 9 7111161519, 6
11111181, 1 om 568, 11. 711, 765, pallida 111611 zm
1111841, 1 · ,1. 896, 8 pallidus 651, 5
11116914647161· 11161· ¹ 11111195, 7· 4161· ⁶⁴⁶·
61111 514, 5 61461581, 4 6.Ι 58 ,11. 716,11
m 419, 1 1181011447, 9 7111111547, 8
inis, 776777. propr. 515, 4 otioso 517, 9 7111111568,1.68ο,16.847,7
1 165, 4. 165, 5. 546, otium 5, 5. 1141, 5. 115, palmaque 961111, 3,2
4⁶5‚10·47727 1· 4118· 417, 7· 489, 11111117111
ain 109» 7 ¹0 71161111 515, u
bon 50, 1. 559. 185, 611445, 9. 867,4 palmetis 868, 16
77142664, ⁶ 3⁴:⁸42?AE 416, ⁶· 7611 666861 611451ἶῖ
· 561, 5. 699,8 9111111171, ⁸ 7111161611 159, 5. 711,9
um 829‚3 91754867 11111877,11 -
³¹⁶7& 1 61111576, 5 7411111111 558, 1. 748,4

, v, ,,,η ovis 617, 5. 671,1ο pampino 541, 9. 598,4

,t ⁶35, 9 ovium 416, 4. 655, 16 8161111114, 9

nenta912, 2 616 556, 6. 615,16. 677, 7166116146

159, 1 10· 885‚8 71111771, 7

435, 2 Z 71714 1111166841, 5

 

