84441444444444 0444444444.

4414445464. 544,45 584,.6 444,4. 444, 5 74461464865,4
4484866546 744,4. 754,5. 845, 44 74444414 44455

tabente 54ο,5· 448,1. 7421444 54 5 Pratum mdc 1644444444
5644 7446444469 7424444444554,4
4446444444 849, 6 74414847 74448618447864744416644
uben 756,4. 788, 44. 74414444,754,6 prandere 664,

466666, 6.4· 4444· 444. 4666666644
6666664464 ’ 6· 4664· 6646· 4444 4666, ’66446
»rahe-,om 446.6 6444 646. 64 mansium
44844,ι747.4644ο7,44,554,41>444 4644694. 7554 7444185594
>tabuit 564, 4 Prtneff 484444 584, 5 7444844 584, 5
44444848466 74466444454 7444444495. 456,4
medentibus 741, 44 7444444444 685 4 7444446844 674 8
’6666664444 4464666466. 10 4666664644· 4444 4484
>fatendumst 7447446449), 4 74444789, 4
»recedet 454 6 preponens 549, 44 74444594. .574, 44. 658,
»4444766494 · preponere 54,4 7ο4,5 5. 749,4
4444447454, 4. 547,8. 844, 7444466848 7444444866, 44 . .
4. 894,45 7244767444 744ιέ6474 7544. 855, ’
444444744644,5. 671,9. 684, 74266146494 6. 874,44
6· 4664 46666646 646 4 46666 446 6
4244714674, 4 7448448 ptum 487,5 mn 74444 6444144 5444446444 648, 5
>receptis 4441414844, 14 7446444594. 447, 5. 467, 7444145554. 7997,
:mm 8 ,8,8, ¹⁶⁰. 8888 ⁷³⁰' ’821368ὲέ1, ..
4446461744, 4 744644414644744876,6 pravum 8495
4444846144 5 57,5 prasente 877, 7 pravus 554, 5
..94494994 . 7441444446 47,4 precamur 44,4 4955
ᾯ888484988584 7446464 844,6 844ΜΜ4444888884 ¹
4441714449»... 47,4. 544, 7448444844 4488 8455 precatus 6565

74484464488,9 7444444μὸ ,.88,4.151,4 . ’

66666466 6646 4666446 444. 2 446 6 4 44 466. 64·

4664664446 6446 46666666 444. 66 6644 644.·,4 4466 6444·
mmm„ 4, 49..

.444414444444.7144. 6595 74466464, 4. 558, 5 8499 74444614ηά4 947 7
1

44ε41444444547 ,6 7428441 144444, 4. 449485 5 7444464167 8,64

4241444 578, 7 74481484 7 4, 4 74444 tacit& 788, 4
4241444 575 44 74281444 679 6. 797, 5 7644647496
neco 57 ,45. 944,4 74464464777,44 7444444994 558,4. 565,
[444444446444 pre 4756, 44 5. 454, 6. 4668. 544,
44444444 4446 647,7 7426444767 44 44. 844,5
τεω4ἀι4 489, 44 554,5. 74446 es 585 44 746444 fundu 4944

75, 5 7448 et 545, 4 74444444 894 9
[2460814188445874. 458,5.712684481,8.14.1.844.4.1.74444844969 nm· 585,

11 117 [4.

4444484484447746 7446464654, n 7444646955, 4444 564, 4.
muneret582,7 742144421444864,8 bis. .444, 2. 444st
raeda 545,6. 584, 14 466, 742444454446444794,66 7444444449, 5

44. 647,7 7444444 54 ,5. 655, 45. premant1819,4
raed2349m. 7954 686 ,4 7444444784,4. 844,45
4244444764 7444444446 44, 4. 7494 premunt 9468
4214444859 45 7444444444 5944 9454 744444484488 ,5
η814655,4.698,7..744,,4 manate 4954 7444444444599
raedonum gam praeoergunu'um 375,1 premet355,10. 584, 44. 744,
9984444868, 44 7446644945, 4 9.,8746 .,.89645 95, 44
4464644476 744464445454 7444444454. 754,5
4444684464467,9 74444 mm 60,4 premuntur 848,4
[2744444444 544 4 pratum, 846. f bulas 898 6 pren 444 597, 9
[2544646544. 848, 4 7444446544. 65,.85 858,9 7444664444 , -
alambens 744 4 744 44445694. 585,9. 7544 74441464, 4. .,555 54 .,454 5.

rae12227⁶, ιο. 74,.5 455,.4 patorem 5785 4455. 79 4
495,6. .5ο4,5 5495. praeturxus628,3 74418844 4ο

 

