1anx·

henum 8439494443. 334,4 8ψ345ὲ88843844

9649843994 44344444 333, 5 lnn88‚2 9

8555554444 64835 5555554555 654.5 {mimam

55566353333356546, 50 8545 5455555548 4 5545· ·555. 55552555154-55555 85445
8

nmm,4 ῖψωω ww53

55558555545· 545. 55 55555655546 5555455545. 6

5555555544 5545555458 45 4445455, woman 55455· 554

8454844 ,..6343,3833,44 6· 5469 6833 mne

84644644 464584 39,4 5ngnttmn92‚4 44949464 893,

infer 44 434, 4 ingrato 63, 4 inor-utun 494, 6

84694443493 8434544365, 44 inquam182,9. 94439,

hstriun45,15 8434644844, 48 3. 398, 3. ,.3 664,

ntem· 389, inguen 5²⁶¹ 9. 393, 8. 346, 3

’1694484 393, 9 8443546564 346, 6 4434496 686 4

85464ῆί44893. 643,4 inheret, Epod. 44 4444344444 439

84645843 334 3 , inhians 344,5 84948465434, 3

8464844488, 4 47747 ”mestum 334, n 5nqu5mnn536, 59

85564544 302, 6 inhonestus 3333 5nqn5navem7m

8448454433, 3 4414955446 92 3 4494444446 486 44

. 44445454, 56 55554555886 “ 555555555455

4414963441444489,4443,8 5n9n5mn 644, no

5nhumanae813, 4 ·1nqnnnnt 533 4

5n51umntono,3. 6398 4443444 334 3. 6544. 633, 49
infinum 433 6 inj,ent422 4 8436484344, 3. 344, 55 343,
5555554555 55556556 sss· 5558 6555. ¹8 54455564
8464444464,3 5nje<50112,5 4. 394, 6,53. 3933.

8464454398,4 '¹⁶5¹t52t7425· snos 59505
8984894344. 36,3.5 433, iuncum, 4

63. 643, 49 8464441685 9434468996
4444444444 443 ι 4464544 646 4. 6343663,
5njm5cen55, 4. 64948 53. 663, 5. 717, 5

5n5m5ci5495, ,3 6343 85888695 ⁵8 66048 6865
44444 est 123833 ⁶· ⁷432ss

5nimicum 3,634 5nsan51258, 3. Quum!
inimicus 633, 3 insanitatem 469, 3
, 5n591nn44, 9. 833,9 8448484464 8534899684 443, 9
8464444444 4 1n13u21717 5933 5nsnninr337,3 ⁶⁴8⁸ ,
ἰ46454994438834 ¹. uuquam 336 44 1955515255510 6444636,
8464454864,3 5niquas 242, 8 49. (94.4 668
4544484884, 4 5n5qub787‚9 4. 333, 54. 8639
4464644446, 49 , 5059515753, 8 . ins 44444444. 644, 7. ‘952⁶
infregi409, 6 5n5quin7o4, 8 8464485948.6μ,ι
&frequens 4444 85589445 ¹⁶514 8448448684 639, 49

. 1031„de 13 iniquum13,.7 588,4. 349, Manium& 343,.3 348

84644ᾱί43449 9 633,8.838,414.644,.3 812413
843444444469 5n5quun 8,44 43 6 85

444944 47 5 ι88888685 5
5ngen55228‚ 4 ¹⁰J¹¹¹¹² 6954 ”¹⁰⁸ 3²5 ²· ‘⁴⁶29

mge51128384 injuriosns490, 3 insanum 346, 8. 644, 19
843944 343, 4. 6594 8394 5njuriosol32, 1 634,6. 663, 6. “m
5455554585555. 4448, 5545555485 5 5555555 5555· 64554 544.
4. 6494 649,.4 633, 5njuffi 5,303 . 66 ,49 634,3.636.3
1· 693, 6. 7‚20 4. 344, 8434 st85836‚ 10 85469864 20,7. §stum

6. 8644. 8394 995, 5njusti54o,7 44 3494
3. 3436 innantem 344,3 inscium §7⁶2²

84394533 3,4. 469, 4. 489, innascitur 534, 3 · 5nscin⁸n70, 44
, 3..495,4 3399. 643, innatat 6,384 ’ 5nsculpere647,5

8. ⁶⁶952 444454 894 3 8484684443οό, 53 .
mgentem 339 3. 649, 6 inne 6844494, 3 , 8464648364
6843444438, 3. 6663 4444444444 251 ι ” insecuta 39 3
593382 8484 muntem 335 4 . 5nsedit45
inbfflfflss 821, 82 innocen& ⁷33⁹ , , Μφῑῖὴῖὦήθ

 

