800110101011 (8111111111.

,um 9,, run 5, 4. 1191. 171,1. 6101010148.4. 1994. 9691
mentem 9197 11641· ³¹⁶2 5· 161. wa 9· 4141611111· 61115
1081171101,1.18.811.9 48013· 57515· 7061 2. (fficulunwfd‘ 8666616188·

rubere 7101 7681 7101 ι 1111111101· 1614·
1081106866, 16 . 8116650711· 5²94 ‘⁰⁶9¹‘ 711 8· 8741111751 84881
...1101117911 711. 1 171. 10· 167. 7· 7· 116. 7· 16071161.

11186900 617, 9 7994. 814,1 479, 9, 941, 10· 52911, .

mb=ginem 990, 7 11111179, 4. 191,1. 770, 6. 991,1,4, 9. 996, 7. 994,
6811601968, Ι 7.⁷²‘²· 84522 16. 971, ς. 979,1. 984,
1081116899 6616661 66411 - 9.601.9.610,1,9.704,1
1081119711, 4 1111601 177, 9. 961,1. 481, 6171111 189, 9
rubro 134· 4· 9081 8’ 70¹2 5¹ 53324 53722· 7¹⁰79· sm fm- 52, ²· 791 1·
¹5 7701· 76118 107, 6. 191, 9. 961, 9.
rubros 491,7 1111977,16.698,11. 706,1 448, 9 -
rubrum 91, 6 668161 330, 2, 843³ 5 stva, 101111.78,1
01681101 919, 6 rusticias 999, 7 8111111191, 389‚5
[0814011101] 714, 2 tustioemm 279, 7 610111 199, 8. 636, 9
:ude ingenium 909, 6 1068101497, 1. 907, 7. 611, 61160198, 6
rudem belli 899, 9 9. 700, 6. 701, 8. 916, 1. 61111 91, 4. 141, 4. ²9⁸2?
rudentes 469, 9 79911. 766, 9. 789, 7. 6101111417, 9. 491, 2, 543,
10161146, 9. 998, 9. 6094 84814. 891,11 11
00811984, 1 8010110 711, 1 6101668197, ς
10001 69, 1. ,807 ruunt 694, 4 6110 116, 4. 191, 1. 1100
010111, 0616110101 801, 1. 810,1
,0001011691 ’ « 60101191. sun
01008691, 19 , ' 6110189, 1.141,9. 690,
”³⁸5⁸ ¹¹⁹ ς’,Ι ι6718· 6836 S· 5· 79414· 843, 7· 8571
8818883181118391181,1 11. ςς1,8 61981104, 8
Rufus 719,6 sagaces 169,1. 981, 19
ng: 419, 9 Abaeae 119, 11 sagacius 470, 4
09611091. 498, 9 618811 9,8, 10 8191111446, 9. 98811. 990,
119061 461,4 81811114ἲ9μ4. 9991 9
1190601817, 4 8161161180, 1. 616, 8 Saganae §9¹24
11601191, 6 8101111. 799, 11 61911870, 9
0111111994. 190,7 Sabina 98, 7. 89, 9. 144, 7. 61911891, 1-
uiuam 110, 9 494, 6 sagitta 91, 6. 109, 6.·16ς,4
uina: 139, 6. 719, 1 8161011116, 6. 890,1 sagitta 944, 9
uini· 171,1. 416,14 Sabino 7191 sagittas 114, 4. 189,1. 100,
00789, 11 3160011601 x 1. 919, 8. 711, 10
uit 18. 9· 161. 9· 1661· 616ῐ111161.1·751.1·766.1 6111161617 11616
,4794 710, 6. 86119 1100191019 6110104641
8111ῗὲ489588 88880818819397, 8. 6941. 81818οἛ8911, iffi, 1
umore 994, 19 907, 9 8111006169, 9
umore secundom, 9 sacerdoe239, 1. 199, 9 6110 600, 1. 680,1. 711, 9.
11111911 944, 4 sacerdotis 771, 6 860, 6
01119001 419, 9 sacerdotum 68, ι 00016110 71061, 619, 9
0111701069, 9. 749, 6. 779, 61111791. 199, 9. 981, 4. 6618111807, 11
9. 787,6 988, 1. 448, 8. 991,4 61101896, 4.
0090101491, 9 941, 1. 8001. 907,9 6110111961,1
01070161 49,9 61111199 8111101 791,1
1010686868101. 6101101441,1 8111110 898,1 ,
apem 869, 10 [mmmm 220,6 3081118801199, 1
09010 474, 6 sacrare 101, 6 61811788, 19
190161 669, 6 sacru 8, 9 misto 167,8
:perit 466, m* sacravit 832, 19 saliente 991, 4
1901941, 1. 990,1. 649, (aerim, 5 saliet910,15
11, 19. 819, 7 , sacrilega 198, 1 6189110998. 10
1066011194 61001419, 6. 488,1. 911, 1. 6181111111 119,9
,1196116 981, 8. 989, 10 714, 9. 89117 61161 991. 1
1910 6, 9. 810, 9 61010196,7.“101,9. 919, 4. 61111, verb. 118, 1

ι1617011 161. 144191. 9 31686 salium 1171. 91411
2 .

 

