ω’· 8771 7

Ῑ N D E Χ
10016611. ¹0 1111611691· mos

1111111 314 1841. 366, 5. 1000111111 766, ιι 1091101016
4197·1711799100911919η 1911Μο01160

807, 11
10111111 635, 6

1101115681
111οἩ614861
1016003401
{mmmmm
10111158, 11
1111111 11741, 8
1111111715, 5
1061011450,1
1111111111,8567
1111117175. 809 ,10

100ωὼ191913 1091111674, 3
100011186913. 894,7 1091111614, 5
1011111111 11678, 5 10911111,1.1.11119Ε11111493.1
101111 10015806. 738,3 1119113011
1001110411,1789,418ι6,9
1010111111 3311 1098110445, 5
100130,1.1771468,4.1091’1Ξ·110910,9
531,7.6768,8 · 1091001 841,7
1001141, 1. 591,9. 856, 3 11910111117745
1111911387, 1. 531,.6 661,111191111’1..11,1418 5
1 7111 ’91161196 5» 4
1090111181. 3901 1090101784, 5

1119451.475,1.481,11109111111468,15.6193 1090111111,1 1. 811,3

1111111 11111185 6, 8
1111116111 810, 5

11119.111111,878,10 . 166801186115 614
1091111165. 5 10906919914.1ξ441446φ.8]1

611116111163ομ1 875, 11 109111110150,7 757, 4. 8

imitandi bom
111111115610
1111011113,.1 668,8
1011111654,7.850,6
1010101839
1011110110 900, 11
mutatores 8207
mmm

8
immane 9111111110 401,6
10011101613
1001111416, 10
1111011111 1969
1001101111 719, 7

10911111 6011

1090111571, 7

11119111 11111 ,4

1111911711 3569

1091111881, 8

168111188140818

11191161 8111

1090106601

11191111 173 1

0711117411775,7 1
109111150143 617,13 1919011001 486 10
109111,11,6,411,5 1111911111 ⁶22 2. 86η
1091141614 2 1187· 799. .1944419941947911

mmmmm 65,¹2. ..77 1117101717. 1118 167. {mmmm

immemorata 821, 10
immensum 509, 8

1001111111 366, 7
100111011453, 1

3. 311, 6
1119111011 69410, 14
11811131, ⁷,

1001111611997 457, 7 111191Ἣο 65 7

1001110074, 7

1111911111 erint 570, 2

1001010111,6.1,15 2 .147. ¹⁰¹P²¹¹Jt³⁵7092 ¹²·

5

‘mm 617. 4
1001110078 7, 9

1109611106 55,2
imperium 131, 4. 140,1.
1716· ·71’9»·2 7115 ¹¹²¹¹⁰¹¹s²²⁰023· 71111

11110111.1111174,1 6391 1091101111178, 5 1091116111 5558

1010111111111737, 8
{mmmm 4
1110111109 9,]
imminentem, 5
.111111111111111346,1
1111111

ἱᾞῡϋὺ 1164654 ⁷

’ 1001111117 0,8
1110161111 514. 13
1001111111111694
1001111874, 2
11101111 167,10
immoderatus 690, 6
’1000111115 8, 55
100061109895, 11
1111111011δί111 4,66 13

100011111046

1000110406, 1

*9969375016 ’, 'meum 3
1’9966175913 10191610 1863
1119116101,6. 4¹98
1 1601118111βηὶ
mpetu 4¹7· 10 impugnat 838, 5
ἰπὶ1161969464·875,6.376,6 1071111019.
1918916501 1919911189, 9
*918111109614111011111771
637νὸ 111· 1· 48·¹›3 1811991791111004008.
10915191846.183,6.897144 ⁸⁶28· {3³:18⁴ Ψ
5· 39⁶ 23 fflrffltitm, 11
ῙΜΡῙΜ 661 4 119991911484, 10
19191119 4111 mmmm 11174031
ι699119376139811.417. 1011187910
3 '7²8’ 5 8⁸²2? ¹¹¹PM8¹²Sv⁶¹ §7156
1119111311 7851 1119111131 328· 10
1919097· 1691 070110611711774

4 8

 

