866416464644 04141641,

3144 836, ι munde 334, 6 mutabas· 869, 3

31,444448 4 4464461977, ,6433333 ,44, 44444444446,3

mh m⁶ ⁸ mmmm³

44 338, 6, ιο 4646447646 mutandus 794, 3

¹tes 496, ιο munditie 845, 4 munnt 779 4

1464 836, 44 4464186443, 33 4446464733, 1
61644833 mund um 36 44 4464464877, 8

113643. 4646666364 ,,747,3 ,8444 4441144746 444, ιο 149,
6667664843 4444446476,4, ιο7,4, 4344, 37871366, ι, 7 8ι,4,8ιι,4,
14664647 444 v · 493, 4, ,,344 ι, 443, 7, ,47ο,

144 444 6, 4344, ,484, 6,691,3,737,ς,8,338 6166446486, 3, 7644
wwmum4fflmm3ff4wmwum7m4
,7Μ4Μ7Μ7 Μ6Μ66Η·8Μ56Μ764Μν
9, 3, 768, ιο, yson. maere 4434, ιι 7¹2. 4· 733, 4

8741644144 469,7 30535553161&fibnssffindssffinznggzg
116866, ις 463, 44, ,,464,4 443,,7 446616434646764,3
11444646,4 3839, ,,397 4 4111414136, 6, 44644 7444,
⁶ffl·² mmmw·98⁶ Μ44

116673 3 munerum 394, 4 11161466μηὶ44. 3ο7,8, ,34343
1443143 43 4, 8,ιιι ,3 334, 4414144644, 36,4, 634, 4446466344, 44

7677 7 9 747, 7 67 mmm
478 ,9, 343, ι 4641414964 ¹numum 714644, 66 98, cu·
1146146898, 11 muneram 369 5 4491644649, 6

14411644, 1116, munificum 344, 46 4444446466444887,8
1444444433, 9 1464443441 mutatu· 464 3. ⁶⁶²=4
1464464 14666666, 3 41446663344 numeram, 8 ,
1617634 796 ιο 1644146838, 6 4466764644, 8444, 878,4
{imiza ἓξὲῗιὴ11ς4ζῗ4ς439 7,,43ο,, 1114161448, 14
11491641, 4364, 4ι6 ,4, ι, 834, 36 899, 44 4446144364, 3
4777 7476 ·⁷··⁴⁶³·⁹ ⁶¹⁶⁶⁸⁶⁶⁶ 7¹ 7 166667746
465, 7· 4946, 7776 mmmm 1666647576· 6641
5 ¹ ,6 6767· 6666465644 64667676 ·
1111111611* 1111111 11111181
168664644461966450, ιο mum 661, 3 mutua 496,4
lumlitfootquepuet9059 441144 6788 ,719, ι 1446641363, 4
1643468, 763, 8, ,7993 4464164448,4,674,3,868,7 4461644 496 3, ·
1164644 4444444838, 6 44666664744 mutum 3393
16437, 3, ,4894 4644, 4464769, 46 7464444477, 46 ·
ιςι, 4 ,4644644364 773,6 Mycena· 364
166994, 484,3 497,.7 muros 388 44, 777, 4 Μ73664144497,1

,,,134 378,8687,6, ,734, 4444744,436 6, 8947 Μ73664117343,3,
7, 7ς8,3, 838,,4 9ιι,3 746466444464466746, 46 4944144664 36634
11663, 4446,,4 4843, 4447766, 6. 884,3 81946414 4466
111 ,1111 ⁵⁰⁶⁶ 8:88538‘463 1111111144,
166336, ι, 361,3,6 43,7, 433, ἑ, 496, 4, 4ξ7,4, ι79,3, ,,499 ιο, 354933
1, 6111414 111114111111111111111144

1646465985 777,,5 6676 9646 mmm-⁶4 ,5
183, 3 44614946484169386311441897
1617167749 Μ661,66·1667961
1,,·61677774774ι6166166,7 ¹1
Μί4896336438434ω1φῊ68413 N
:umam 6969, ,,743 4616644439, 3, ,833, 83 ⁰
ι,,737,4 ,88 8ι,ι3, ,894,4 4444144143, 4, 341, 4, 831,1

614466144634,8 4441667443 Ν8814334,98 4,8
,144646496346 4444674664 4οι,4,864,3 man 98,3

646738, 6 mustellae 764, 46 7446147793, ι
narius 743, 4 muta 638, 4 444443 34 44, 4897 ς,736,4
66766, 13 7477 6466176747 nenia, 744714, ²³⁶⁵

1441644799, 1

 

