896998999994 09999996·
94989 588 96 9999465, 96 594,,9 563,6, 9691899486 6996, 34699
6 57025·····572157329· ‘effi-¹¹ ⁶9¹3s⁶92r
⁵7⁴. 6·,9 574410· ·Ρ9994,6·699,6· ·9·9,8
³7... ..4422 , ,383449
39699499 394, 999949 979 9, 389, 5586,5, 96699499 598,
6669985944 6996 649, 9 62696999, 9· 36, 66
>astum 55 67996 99999946, 693999 3849. 3999994459,4,7ο3,9
’9994999648 493, 96 ,875 ,9 999949 939 9, 9697, 366,
»94996965 99998996 ,,5 383,5. 500, 8. 575, 97. 69 ,,3 684,4
2969664189 4,6·99·6 *⁶34⁵- 944, 959, 2· 9394 8999
9941197489 93. 96446 , 9,868 ὀ,7
3333350367 ιο 3333333733, 533330 gffmoe¹¹5050725 1 ,8
{timu} 3344443 '7349- 3· 063399 . 3444 4434343434 2²⁶ ⁶›Z3432592’20
99498, 9, 93, 96, 96, 9, 9989999647, 5, 653,9’9 99 94949 685 6

55, 3. 76,.3 9⁶4, 3. 959, 9999894μὸ 6333 9999499 998 8 397,6

4, 998, 7. 33, 9. 38,4 9999899349, 85 683, 9 ,994,7 999949899996, 99

²· 360 ¹3· 8649· 867· 8886683833 ·328 68· 890988888388855· 70 2· ·2489
2889 ,·,·94496Ι 499, 99995· 6999· 646, 69914 499 ¹³ {¹³
9·9·9·4···,·9949999· 996, , 8499· 689896
549, ιο. 548, 99. 549, 9999ῐ999593,5.’ 8775 774, 99

⁴›·7 953²⁸ ,.5 574,.2 3⁷5. 9283883739 88868848· 3¹3 ¹· 88793
¹7 5¹ 9 6648 659, 9299899699 6295 9692· 869, 69
’153ηὲςά7 4. ,566, ,5 894, 8 patrono 764 9 75:75519919 594, ⁹64 6
...8284488444 ,4238381 Ξ 9,, ,·,, ἔ,.,4ἰί.ἑ,,8ῗ4,·,4,·8 ’
9949899999 769, 6. 493, 99. ,,497 99, ,799, 9499969549 85

»ater 84 39994949 patre digni 4 paupemte75 ο,6. 63¹0?st
875,9 patruum 6338 v 999949969899,4 ,
men 89,ι 998,9’, 579, 5 patmus 589 7. 647, 3 9999499999, 9 935, 5 354
m: ,39999499 385, 8 3ᾘ33669338ί4ἶ6395 Paufig¹71{‚ 11

66494798, 7 9999499863, 7 pax 5019. 664,9, ,
555999 436 3, 89854 7459533855„ ,9 955559515 87683 7 69359
96933343333335, 5, .859, 8 ffifflqugfno‘, 9, 548, p15· 8293,.’9 393936 7993
9629689496,·62 949999· 6·,,·96929999,2· 99, 62266224 7¹1 2

93 3 94999767, 6, 799,3, 835, Ι

96999194, 9· 8¹4 6 9299· 996 9 9694 999, 4 999 69 -
9949999,996 9 99, ⁶¹⁰›50 649, 95 ,894, 9649999538 ,99 8195. 895,
99499999 995,8, 7859, 4, 993, 96 64

798, 94 999999 899 9 pecqt5708,5 .
aternus 3789. 57999 paucorum 399 5. 5959 9999995399, 54959 8669
atct29o, 96, 695, 3 989499 70 94 16

ati5, 5. 49, 9. 9459, ,,337 9999938499 peccatum 537 99,’ 67939
4 463, 93, 793, 4, 869, paventm177, 9 376, 5 peccatu ur737, 9

ιο paventi 9 4ιο,9 peccavero 343, 7’

6699953, 7. 99996, 469, 3999494796 ’9499498989

7. 54398, 756, ι 999989 96 9 994444 593, 99 7844
auem 93,5, 30, ς, 35, 99 9699999 9 peccam, 9, 346, 99 ,ς46,
9, ²94· 9 686, 9 895, 5 99989 769 6 99 ,3
mentem 7014. 9.97 99 9996999 399 6, 43993 9969933339, 635, 9
9649949894, 3. 896, ,3 99986995, 9 peeori59373. 477, 7. 86,9
9984999996, 5. 895,4 9994999499, 999943 94εαὶ9498999, 799,9
9984999763, 6 99νί9765, 4 pestes 64 5

9999949919,ιι 99919999 839 96, 867, 5 Pet. 467

9999 99999, ,
6999999999999 6698· 84, 9 896 ,9· 449 4 4998 6994
:1³:¹55 §.⁹⁴4⁴ ,9484 ,8,, , 4433443384 23} :3 33¹
4 9· 9 ·
49899999 '1⁶4 6, ,8999 8991939 53 9 7.799,8,749,7,746,63

295

 

