86668686ιή Quium.

74346. 738,4’. qum. violem390,7. 77486 ι81811888118,8;86
38, 3 488,8. 4398. 7161,86688687 8181113888 .
4588· 47678· 677,3. 8861888148 864 8161184864883, 9 ’

5,86. 784886. 748,4.8661888816888.8,4 ’8181118776 466,7. 887,
818789186ἓ61411681831638, mmm 289881686688346Ξ8ἔ3 ,Μ 81618888· 866,7

vinQQana ι ‘ 'Qum “M 4⁸⁵, dvm, 668Μ 80⁶
8168818787,67’3. , simm- 84664. 893, 8618168838, 8
QQQ' 'YQQQWQQYQQ”
8188884764. 8186688887μ667· 76.8,88 89648888846μ,78863 8.48,
finctum· 5845· 846· 899. 8 6995 66871733 2³⁴⁴'² 6548

6,9
vin³centem179,5 7896666863ηᾷιηε 798, 6· vinm⁴15⁷i‚⁶1.⁵1⁷76’‚⁹1.247,
vincentibus 5151 911, 84 8, 5. 676, 6. 786, 2. .,468
8166864698 ,,766 13··834, 8186888478,6 6· 379,2 597, 6. .468,
8 ’6Μη·5 &QWMQ
8188678 346, 88 81866866 838, 5 3. 368, 86. 574, 8. 587,
'men 788 88. 396, 86 81466468 99,8 3. 3969. 6696. 689,
8188818676 94 8186668483, 4. 886,7 688, 3. 648, ι. 687,
8166863686. 689,6 8174886488. 387,6. 3368, 5. 6833. 7¹¹29· 777,
8186184697. 494,3. 765, 6. 42²» 3. 458,8. 684, 3, 734, 10. 806,1c· 869,
8 8. 8898. 34 83 8,9.852,9.876,4. 900,
8188668489,83 818686· 86686883, 83 2 ·
816ἂ8466,8. 896,ιι 81838443. 96,8 8188686681818886 1634867811,
818ἂ184ο,41118711193,.3 486,7 8
vineam 467,·8 11698186 666,8 877,7 vinus repulsae nescia, 846,
81656687663. ..748,3 825, Virgilium 86, 4 847, 8
1118311168 368, 4, 363, 8. 816887611668888668789,4

818881839788 591,9.5751.611,3.854,mtute357‚13423,10.
,,6433. 786,8 1 487, 8. 388, 2· 679,
6668683374 virginum 366,6 7.,648 4. 699, ιι.
ν188681161377,6. 486,3 8631688863,4 781,3. 847, 9. 876,
8668618868584,3 8671848897. 898. 85, 4. 898 7. 964, 88

mws1mwwm·wmmamvm·
8166688899 954, 88. 886, 88. 866.

8166663864 81716668967. 8793. 9858, 12

81886161 8769, 7 364, 86 · 8118668 4878. 333, u.
wne: 484, 86. 676,3 8117181,8769 5 · 848, 8 . ,
8188464493 8183188868 87, 86. 883, 5. 868868 6895
8166476686. 858,7 89688. 3698. 3411, 818866688769,8. 8897·
8161846. 8398. 388, 6. 396,ι · 8294 .

4. 638, 8. 888,6 818388 7683 8166863775. 576, ic. 786,
8188ιά888 583, 86 · 818658, 4. 846, 4. 877, 7. 868,7
1116617898 · · 66799. 388,.4 784, vntum amore 799 85
81667998. 868, 3. 869, 8 8188886498. 846, 86. 844,

16488· 6867· 712, 66695856 4848· 4 2572· 8858 885·
⁸· 8165· 6166 648. 47822 3 8886· 6·65 ²
3· 891,7.. 96986. ,8181,718·...733 7ιι,6 9118888448
Q⁷Q.m WWQQQQWQ
8166166896. 678,3. 788, 4. 8768 488,9. 458,.8 454, 4.

vfflmfflm⁶msm

81681111898η.. · 8 5694 7869 818,νι.81 4878. .476. 8.
8148184977 8181615,8. 8649. ¹7²13· 496, 8. 584,6. 7363 3.
716188865685 3.4ι 9. 398,4 598, 4. 658, 87. 9,7 3.
81618818888,ι · 8 8181618871 766, 87. 734,9. 766, 8.
8461848396 · ’7...8181118968 . 77666. 838,.4 888,8 7
81618986566 ,· . 8861898 878, 3 888 tu? 7665

 

