Voeinueonuu 0111111111.

1118,3.133,3 111113161. 8336. 313 Euenum. 313, 3. 363,
1184,3143,4.311,1.11111113 ,3 Ι6

1411· 4⁸12& 1111· 111111 m 111111111111111
3164. 3464. 331, 8. 16116333 8113111338 x

13311 11111111. 3163 Ε1111111,1. 3863. 463,

11119663 11111116.113,3 ν 3. 4861
11131311 11111 611. 61· 84111· Butrium
‘iffi‘iis'⁷⁶²’⁸ 1661111111 {iiii‘fflffl
1 . . ,
11116113. 616161, ...1111111 104, ι’ 11111133,

i· 8364 1111113163 1116118363
inanimum. 8 1111 3463 exusto 3134
11118363 1111118631 1116111161. 3131
1111118331 1111114433 1111113166

1111161, 1 Erycina ¹22 4 ‘mitent ⁶9⁸6

11161. 364. 31, 8. Erymanthi 866 examen 134, 3. 43611. ,

13, 3. 63, 3. Sne. 131, 11113136 811, 11 ,
1. 1361. 313,1. 613, 11116361 11111111611,3
11, 363, 3. 883, ιο 16111161 91, 1 exangue 8166
1111114,1.183,4. 661, 1111111936 emimeeie99,2
3 . Esquilias, 636, 1 1111111111 1191 3
11111334 . Esquiliis 587,6 11111111334, 13. 847,4
1111113864 1113111111431,8 exenium 311, 6
111111 143, 8. 468, 1. Ε631111111431,6 11111113163
32233Jff¹¹ · , {mildi 1,, 861166..
itet aequitat l 16,311ω111111334,6 exauditu· 8136
11116461 16311113111631, 3. 3131111131114463
11111131, 3. 113,,1. 4 · 1111311411,6.333,3
3166 8463 1631111111313, 3. 313,1 1111368366
113363. 383, 3. 6141636311111344,1.643,11113113111333,6
11. 611,4 6 1111316383,,16. 613,1
16111138, 3. 8331 1161111111, 1136,116164ο3,1 1111311131,1
11116 3. 131, 3. 461, 61111333, excerpam ,3
7· 31311 1116111318, 3. 3366843, 1111311664, 3
11111841. 3661. 413, 8 1116113363
33131. 341, 3. 334, Etrusca, 116111111611 1111111333,3
1. 8363 excidio 310,5
3333:ss 1116· {1333ssst ⁸⁹⁷‚6

2
1111111 333, 11 , 1163111ῑό661 “
6111113368 ’ 111131111331,1
3111113663 1111113831 116311611111,6
31111 393, 3 11111111 3161 excisus 133,·ι
1111116. ς ' evenit 382, 3· 1111 1161111414. ¹0
gimur719‚6 1111118861 1111116369. 3164
311633, n 111111111431, 1
1111663 . · 11111113131. 3831
te 333, 3. 3163 excludet 831, 1
»1113168 1111111111, 1. 6666 excludamus
11111636, 8 evitare 313, 11 excindit 8361
›eeet 33611 1111131 11111616 3, 3
3130131 ⁶ {3¹ ngg ι1330131131 ’1131111114411166
1111 ὥς 11111134 ⁹ 1111116466. 3361 ',
iet 5,5. 333,3 1111113131 1111614166
6111113963 1111111111838,13 11116113163
1161183614 111111111111111111111611,4 11111111363,8
mit 111, 3 1116111441, 3 excusatus 770, 3
me 113, 3 eve 131, 4, 6 1111111311, 3 Ι»
1111114364 evolvere 540, 8 exeuffue 640, 7
111366. 3863 6131116366 1111611343,13

1111111 334η 813111 344, ι 11111111 131, 11

 

