tonitruorum 01111111.

7. 581,11’. 444, 4. 448, 8111161414, 5
nnmenmsnmuwwn

2. 611,8
[1111114678

inacho 161,6. 519,1
1191611184, 5. 699,5
1191167555
1191117144
11111111 468, ιι
11111116111711, 1

inclytum 6 55, 10

8Μοἂ1164385 4
inceptis 874, 4
1111911885, 1
imit& 4752 7
6166981686 ⁸⁴¹5 4

, 11111168, ι. 656, 5

1111111191, 5

gnane 196, 11. 444, 7. 518, incoluit 571, 1

5. 816, ιο

0311θῦ89115 12

inuium 541,7

Ι116111111541,7

indigne 111, 8. 865, 14. 895,
4. 89511.

itflignatiu4et,4 Δ

indignatur 881, 1

indigni 745, 6

indignis 571, 5

11655117711. 79811. 851,

11617111857, 1. 914, 1

11ω111111116,5. 556, 5. indignum 641, 8. 754,1.
nmmmumssm‚mwnm

1111111111 415, 1

811,11ν
indignere 654, 5. 661,1

11111157, 5. 58ι,5. 714,5. 1111111111 168, 7. 585, 1. 1111611151, 5. 4845
ἰη351, 8. 778,1. 891,5 1161111155

870, 7
rama 111,
111111 611, 9
ueniter 851, 11
wmwn
11161459, 8
inaudax 515,1
1111111781, 1
111111111591, 5
111111511111 775, 1
1111111 599, 1
1111111 915, 5
111111 556, 6
111611 317, ι
1111111484 478,8
uredo 578, 9

11111551, 12
1111111161 888, 1
111111111111 815, 3

incompefito 599,1

1111119111554 911, 15
wwwmmuss

inconcinna 819, 6
11111111111815, 8
inconsultus 751, ι
incontinentes 74, 5
incontinenti· 165, 9

‘incoquere 718, 11

incorrupta 95, 1

11111191111111 576,8

increbuit 691, ιο

1111611 596, 5. 511, 7. incredibili 111,1

ὃψψὴω
necnee-1450, 1

itendit 797, 7

ficetum §405 ς
1111111464, 6. 469,5
11111115 7,9. 8485
11111115 6,1

1111111111 668, 11

11161 149, 1
1ίέᾶωῖ785 8
1111111151,11. 914,8
1111111111,5

111611 585,7. 79711
itidem 6461 9
16168880739971 §082²
1116161651, 11. 891,1
1111115851

11191658, 5. 759, ιο
1114111111 751, 1

119111 515, 9. 651, 5
reipiee 884, ²

1111161111 889, 6

’ 111191148914

increpuit 41ο, 6
incretum 681, 1
incrustare 555, 11
incubet 649, 11,
incubuit 19, 5
incude 155,1

‚ ineudr911, 15

ineuuae 739, ¹4 ³
incultis 851, 8
1111111555,11
1116111744, 6
1111111798, 1
incuria 915, ιι
incurreret 616, 9
incuteret 617, 1
11116111815, 5
incutiat 611, 7
incutiunt 788, 9
indecoro 151,1

,11911 588, 6. 566, 5. 595, 1161511,8

4· 7ω55
.111’1595,7
11111,Ε711116.8
1111111598,9

relinere ³5²2!
,1811115361ῑῦ
1111111714. 3
1111155611. 87811

,6111115091 1

lndiae 551, 6
1161111596, 5
inetur 14, 6

indice digito 711, 2
1161611876, 11
1161111666, 6
indico 557, 5
11611115, 5
tuticus 766,Ι ²,

1161611841, ιι. 847, ιο

iniectum 171,1. 856,9.
914,11

116181189111. 915, 11

indolet 578, 7

116111111745,5

1161111111 115,5

116111111111556,1

1161118114ιὸ, 15

116111111611,5

indormis 511,1

indormit 450, 5 ’

1161155, 11. 718, 5. 751,6

1111118175

inducant 551, 5

1161111515, 11

inducere 557, 5. 8754

induceris 718, 1

inducit 515, 6

116115111156, 5

11111418,9

1161111815,7

inemori 446,11

11119114551

inemptis 855, 11

uwmwfflm

QQWA

6668616 63615· 66216· 57¹⁰
5· 61111. 81611

1111111711,18

inermem 89, 8. 751,5

1111111851. 17115. 591,
8. 716, 16. 717, 11. 865,
1· 88855

«1111111161, 5. 676,5

1111111585, 6. 815,4. 911,14
7111147511- 77913

· eneruaeeon,4

inertibus 698, 11

inest 548, 11. 681,1
inexcusabili· 815, 15
inexorabilis 881, 7
inexpertis 815, 14

“ 511191111881,14

1111611641, 1
infime 118, 1
insaniem 549, 1

6

 

