INDEX

mit, gmfing. 134,1 · mulisazt,5
8841111133114, 833. 4 6414111636, 1. 638,4
Huius, 111111, 636, 3. vil. nauntes717, 7 11411ιί1 31,9. 1634. 4144. 3
Mevius 11114161 18, 1 477, 3. 489, 6. 333,1,8
14161333, 13 1444161116, ι ne 9, 1· 37, ι. 46,1. 334
8616111341, 3 1114414331. 391, 3. 694, ,3 364116, 4. 1431. 134,
ΙΜ751 3· ⁶²· ς’ 833181 01666314· 73824 ¹· ¹3⁶2 7· 16215· Μόή·
494, 3. 364, 6. 3334. 1146131313. 6334. 633, 483, ιο. 292, 5. ²77»
416. 4· 4141- 41111. 3· 68611 ¹²· 1411. 1183411 1
491, ι. 3ο8,13. 311, 3. 1141,4,31111.13.164,1. 111,7 3. 398, 6. 446, 3. 431, ¹
341, 3. 346, 3. 536,12, 111111111ιί1834,8 4. 484, ι4. 368, 3. 314,
&t- 11116311 6116 319, 3. 636, 3 8. 343, 1, 11. 346,1. 343,
’ΐῖῗᾷξςῖῧῧζῗὲ 211ὶὲ11116..., ῗ’ ⁶¹⁸· ³⁵³' ¹* ⁵⁵⁸¹
3361816611658115161·6868153016 ⁸ ³ 1116(1111816. ς
. 334, 2. 33 3, 3. 8643 64111314166364, 4 ,141 fusti 620, 6. ⁷²5· 3. 8313
nanciscetur 899,5 11416111163,4.33ο,3. 14, 3. 888, 9,9ο9,4
1111 4111 ⁶> 1· 11114 61114- 16. mmmmm,
14466193, 164134. 449, 4. 8336. 836, 4. 9636· 3 3
1· 4141 111111611411611811.1 11111111. 4· 8166 ·
11111111 11111141· 11111· 114. 1141114114· 6611111.
1146643633. 33366438 11.348,ι. 34313331. ς
5117311164 {⁴222 {⁶⁹3ssss ⁵⁶1⁷z‘2'3⁶3'3’ ““1;’1’11·,6’ῖ·’”“·’
1 ⁶ 1 · 1 1 · 4 · 11
m 111. 1 611. 9· 616. 1· 111. 1· 11116161114. 1666
4441466913, 13 369, 3. 816,11. 881, 3. -114, interreg. 644611. 461, 6.
mantem 633, 3 963, 14 348, ιο, tc·
1911148433 .mtundivesopissuae 524, ιι Neaen 438, ι
4414168663 1111614361116613, 13 ¹Neaerae3o⁶,3
mretyam · 1111416116;1111’11843,3 ,Neapolisotidnum
mmmm 1141618464111969,4 Nearchum 3433
nm 319, 3. 396,3 11411114 169, 1. 316, 3. 631, 1114111194, 3. 4333
11111116 4 16411 1· 111. 8· 6664 1161611411. 11
1141144633 naturam 638, 3. 333, 9. 448164463134
4111411346,1.311,13.336,1 3834 nebulones 338,3
mes 383, xo 11416144 314, 4 nebulonis 348. 4
...61431 1111111661. ς 1111. 6· 1.1· 144461·
¹²¹05752⁶ 1681316116· 59207· 5⁶3· ²⁰¹4· ²¹2⁶·7· ι644181
nascente 336, 4 6. 336, 3. 334,1. 3334, ιιι, 3, 4· 43916341.
nstenmym 9. 664, 1. 639, 4. 649, necne 348, 8. 336, 3. 333,
1161116141 ¹3· 68111166· 614. 14· 6141· 6144
fflwmm w mmmm
’6464141883 3 nave 836, ι 1144116114 cum 663, 3

, numan 1414633314. 8468 '⁴ ntestit905‚1

ascitur 366, 14 11416113, 1. 636, 3. 648, 3 nec 6411111 9134
»4811111111 136, 4 naufragium& ς necabit 663, ι
81644 683, 9. 688,8 4111611146,4.61,4.461,3,. necari 368,3
, 8161111686 111. 4· 81411 1111111161
181611164341, 4 1146311634, 11. 861, 3 necdum 643, 4
Nafidieni 313, 4 navigio 333, 3 necem 483, 3
8846611463 346,6 navim 143, 3. 366,3 necesse est 346, 3. 646,4,
11466336,4.319,13.833, 1111416, 3. 39, 3. 1434. 693, 4. 836,16
·14 “, 441, 3. 4331. 4631. mensuum. 134, 3144,
4411111366, 14 81313. 84438 9. 3334 ·
1116114634, 13 ’ navita 61, ς. 199, 9. 46ο,9 11461433, 6
nasuta 346, 4 4411613334. 3833 1146841431, 3
11411314, 3. 339, 3. 314, 9. navitis 466, 3. 4934 114614613811. 433, 3
83316. 884,9 ’ · 1141111113ιιηι4651ὺ443,1116418633
mtae657 8 3. 464,9 neae 161, 4,3
4414148661 1141161413 4639 61641111.4ο33
1141411111 83, 3. 1633 4166141333, 4 l 1116814 113,
4114141649, 8. 836, 11 Α.1111114 3, 1. 116, 4, 338,4,3 1146618438ς
W 407, ² 1141114486, 3. 368, 9. 3338. nedum 838,4

 

