801119101011 0111111111.

11114436 13111118144 6111103131. 6333
11101934. 83311 0311913638. 86311 611161118388133840,
entia 341,4 Cyclope 836 1 ’ · 1
ere 513, 6. 3934. 399, cyclopum 11,1 1611111011 360, 10
. 3036, , 09601164039 damnum 130, 4. 663, 8.
eret⁶5¹›8 , 11111111· 1 114» 1· 800‚4 ·
es 339, 3 cygnum 368,9 61111113361. 85¹›⁸· ⁸7401·
iculo 2, 1 . ,09110111 4333 Danaen 309, 1 · ’
’113183 (3111611634 1111111103, 3. ²9⁶29 ·
it168,3 Cynarae 361, 4. 414, 3611616433
11561. qm. 180, 3. 361, 6. 8334 ’1111111833
73» 1· 4011· 1111181191104118 dmm· 1081
9⁶, 3. 8433 031111118038 1(1111118031
um 118, 3 0311161331, 8 1111111833, 8
1111130810. 319, 8. 339, Cynthium 86, 1 · 1111161111413,1

09911131 1190111333 · ⁴
1161146111116011611.8164.1 1111141141511· 4181
1 Όγρ1111338,·3. . 3463131131. 8963.
1111114034 03311011 116, 1. 6191611114, 3. 130, 3. 99341
16130310 0391111838. 343 .61911336,1. 44611. 493,
113031. 68311. 813, 0311,91131.1136 1. 301, 1. 80310

.’ ΜΛ cynmg. 355,7 y 1111111163, 8
..111311 01111314 Ι1116118111

’11116,6. 1134 (291113911331136 · 6111111,1.113,4.196,6.
1161164313 0361111110, 3 1931. 3131. 438, 3.
· ‚4 8111111 1161 ' 1111111111 64610·

6861· 754210
111111101111681, 1

,611111111148 ,1 .
D. 1111111118 3 4. 911,1 ·
.611111111111111111011199,1
⁴ , 1110114131
Α 310, 36. 111313, 1111114311. 3131
51 8⁰⁰’9' 663 ωόῃ, 51 ὀόᾴςι ⁷⁶0, ᾖ·
111111 331,3 11611189, 3. 3833. 811, 84338633
1016363 s 1 Δ dat 3134. 331, 5. 34136
1114331 11611111311,1 1111333. 89311 ’
ιο 383, 141466, 11. 1111111333, 3. 3631 61114331. 4933. ςοο,
592² dabam· 1111· 6811· ⁹· ⁸0m

alcum 6181 1111· 8111 1111111 J
>ide 3834. 61310 111111111ῐὸ838. 836,13 (11111133. 161, 1. 8636

nde 111, ς. 4138. 801, 6111113333 111111111611303,1 ι
. 883, 9. θ111,183,6 · 6161161,1.131,1. 37411.
10101136368339 ,1)1011698,4, 1111111834. 6134 ,
11181113364134. 316, 1111111333. 1331. ²7⁶›4 6111148614, 333 9. 313,
9. §⁴⁶²5 11111111 3661 , 4. 868,1
todia 316, 8 1116801366 daturas 589, 1
1061116131 [11611111 19, 6 1111101181, 1
101111, m. 5 542⁶ Dalmatico 150, 1 daturus 366, 3. 300, 3. 698,
1111131108. 649, 18. 631,.1)11111691, 3. 30313 “ 3. 8631
12 6111111 10, 1 6110184, 1
8161 14116 Damam. 111111. 6861 1811114116 ·
10133311331631. 1)111111111138,1 1811111931 ⁸ ,
6ἓῖ 163ῗέ ⁶⁹³¹ ⁶· ἅῖἰὲἷὲἒζέᾒῖὲζ. 21 11331316· ³⁸⁹'³

⁹ 1 · 1
13386. 8633 1111116391644,4 81116033,
e 1111111111343 9 Β1η11199111644, 3 , Davum 307, 3
annom. 91311 1111111 381, 9. 3949 navus ,8. 3031. 6111
,11813131 · 1111166633 ’ 318, .881, 13. 83310
16051311. 3334 . 1111166431 1111111431,3.31110111101363,
,11111183 1. 3133 1111111111,131,4 3111111110111383311061

1111111111 308,1 11111111 66034. 33931,
,611111 16331· 80821 . 16111 ,.

¹¹4

 

