INDEX

8. 4796. 3096 65658398 665540996891
'enirm 6161645656 §0²2³ ’ ⁶85 56756
¹ fiustm97‚1 6565556785. 3896 63553393
{m ⁶32²· 396, 60. 4396. fessus 3396. 338,3 63555696

481,1 festa 396, 6. 4696 figunt 841,8
fue 594, ι. 534, 6. 383, 5. 6610558497 665 565, 5

448,11. §⁸⁸³3 666555635956 615665, 2 67, 6. 30966.
feraci 381.8. ⁴9⁸st fefflnnnnsnm 688,
smum mmmm. 5556 6615465
61111 11 5555 6611114666· 556. 7· m 6611115496
fw44521² 66. 806,4.860,63.889 6655556366
strenia 705, ¹7 seffi· 436, 695, 4. 869, 65. 6655 53, 3. 690, 3. 3398.
8555566397 8998. 993 3896. 356, 64. 396.
rmfinum803,8 6560 336, 6. 846, 66 49, 6. 649, 67. 6693
156015- 564 61611 155· 5· 6155 665 65615· mn·
feriam 7, 3. 698,ς 86666663157 9069
6556557593 festus 686, 3. 3093. 367, 610835, 66
656595638966 9. 7493 65655596
feriat 658, 60 · ficis 721, 6 · findet 6899
feriatus 388,6 6686 876, 64, 9099 6069958098
feriemus 663, 3 fiais rerum 766, 6 60655 406, 60
6565066397 - 6608394 6065064793
feriunt 5897 · 665555 336, 6. 89963 6155796. 668, 3. 7¹21!-
6550555643, 3. 369, 8. 379, ficu 6399 = 868, 50

2 66161115855 611· 516· 5· 5111· 5· 5155·
ferocior um ἦα.. ⁴859 20 5989 35 76033 §⁷091
Feronia 3396 665 conjuge 843, 6 finge 886, 3
6550545, 5. 660, 65. 743, 3 665 6656, i. e. 5155568 73, 6. 6535556374, 5
fernum ⁶⁴2²· ,669 6. 4797 6559506058798

151. s· 166, 5· 6555·6660566111455.5 61551551. 111· m 5-

4094. 8899 fide 663, 4. 685, 3. 490,8 876, 56. 906,56
ferramenta732‚9 669759 fide 938, 50 65509050655836μ
865666546960 6651506663, .373,7.696,4 6635569099
serratos 330, 6 fideles 906, 7 suc} 906, 6
ferro 697, 6. 3496. 386, 66566483 65967493

60. 387, 3. 444, 60. 486, fidelibus 6, 6. 384, 6. 888. 6036556796

15· 5²4» 5· 656· 5· 15· 15 611515656

636,4. 708, 3. 868, w 665655 635, 8. 836,6 imbus 1⁶‚4
semmua· 6393. 096. 6656555854, 56 66566796

346, 9. 630, 66. 899, 56 6655059 3. 733, 3. 836, 60. 65655 36, 9 665, 6. 5¹3·ss-
ferme 555» ⁶· 6555 87615 6656
fertili 5793 · 66555,ῑ.5.51555555593,9 6566568666
fertilibus 5594 Fidens 777,4 finit 669, 6. 408,6. 4902?-
fertilis312,6. 498, 66 6655556696 · 3697. 3694. 7598
6555555394 ⁸ fidentem815,9 8396. 846, 63. 9696
fervent 678,3 fidentes 533, 66 finitimi 480, 6
655506555609μ 6655 78, 3. 996. 633, 6. finitimum 336, 66
fervet366,7. 727‚5 666,6. 356, 3. 338,8. finiti· 80,6. 8696
6555665490, 3. 7693 384, 6. 306, 6. 766, 8. finium 436, 66
servidi415‚3 808, 3. 86096 6665556634ὁ,7
fervidiore 468,9 fidet 634,8 , 616566677οΛ
fervidis 3, 5. 336, 60 fidibus 30, 7. 605, 3. 633,.666665556676,6
fervido, 393 “ 4. 200, 8. 258, 3. , firmia 386, 66
6555ὶά056593 6, 7498. 886, 3. 79, 6155604793
655665946863 6. 896, 54 6556655468,6.703,56,807,8
4 8555ὶά55556,4. 3093. sam fidicen375‚ 6. 389, 6. 866, 65466, 5. 8795
6555163494 ’ 60 fistulam& pm, 3⁶⁴·
8455658496 66656696. 7699 8. 4¹024
servor70‚4. 6599 6650568697 6563893
Ἑ5655665665843,6 fidit 61, 6. 3394. 860, fluum
scss'as 566, 3 ’ 10 6565 764, 3

{effi 368, 6 fidos 730. 60 fixum 667, 6. 800, 66

6565 564, 3. 3096 fidum196,4. 8898 6655566696

 

