6

8911191919... 01191911

{niumm . ‹ undam868,2 1911811 481,8

330013311 ῃ 99411 74871411 78174. 416, .91611911667,4.864,7. 878,
...Ἥ 4748979 m ..8619647874 816,9 1911119777

1111, 11.... .. 1111111811... 1111111 ,⁶
977,7.117,8.118,7. 701,7.716,9.7778.ᾝξ817144779877
{4⁵59ss 6646. 6747ζὶ 994919 6771 . 19191176778777

71714991· ϊ118689 -· 7991994999 798.
11111 49119498 7 17111811. 4 7

7449 4444797744444479, umam 99191776. 788,8
,791 ”mmm 7646 mum 9191· 18.

1119711.. 74919· 567. 9619945599· 7544 898. 89· 9895· 770998 3228
ῒῗᾶ11.6689,18.6666,8868888886016·87918 3¹858212⁶o,810·67.
7 706, 74. 7871 171, ..9991916779 1911117186. ..4447 479,

..19,,9 unm 1999· 995.. ¹1· 6694
,1.... 71... 991998 5. ¹0 8991 ’9967694

8198111 7777 9114911874. 178,9. 891, 1911191 ,11
6796764 9 ’08881197 ⁵1⁸· 796..
1191111191 788,11 9949189197, 11.179,8.9911191.1497,9
61166766· 46868· 489. 4597· 559. 4 588. 7994995· 491· 758. 2·
1119861686ξ7,716113.’6 676,6. 9166194876 714,11 771μ18ψζῖἒ8ξ6 78ςέ777.

774 911111..,,764.1784.619, 694,.1661,7 ’
(11711691, 7. 6874,..779,9.877, 791191111919947,8
Umber 676‚2 79199. 94, 4
...9111111991 477, 8 unit? 199, 5 19119. tollit 889, 4
91911171.1.74,1.111,1.9111111199 19111, 171111 9879. 711, 8.

19914· 4·5··.ι 1645· 69196945 . 5196 191.. 7196 ·

796,1ο.861,6 1191914977 7771, 7379. 819,1. 8478 .
1119119191... 7997 999777 18791974. 89714. 99711
9911191697 86811 477. 7171. 7171. 191111911111887,6
99897895· 55321· 511. 649668 6891471414 mmmm “.

7 , 81748774. 849,1.1919111,.7 663,.5 684.
11918111· 1119117177 886, 17 11 -
11191πηὶ6771 -9949119181,1 111, 9479, 19917771
9981117774.. 7,,449 1. 4676, 1,9. 513, 7911891 1787 388, 9. 479,
999196191479 19. 7176. 777. 565, 11.448,.1 4979
9999911799. 4. 7 ,17 ..796,7 691, 7911177919
11911111977111411111111 7. 7671984171. 811, 9911198979 8677
911119 991, 19, 11 7. 894, 6 891191119797, 1

91188148, 2. 45509· 66199 8888888894 4114185549 ’01888881 84017

..7888 . 1967797, ,.11 .777, 7. 647. 1999911177

9911191679, 5
99 am„ 1. 6.4,7 6681. 87717111. 841, 1111111484, 6
9118111177. 479, 9689, 1 1911111811, 1
79719. 8777 9999819911877, 1 1911117674
19ἓω7977 9999118171,191191848 8 691991889, 11
aneo 68916 unumquodque 11991869, 9 1911911489, 7
91894791, 3 99119791 ue898,8 volentem420,5

9981191899,7.894,1.919, 9991161,.479,4. 779, 79111671. 49711. 494,
7 7518· 957175· 98. ··.·1741198941 99.
9911918177 4.,6977.641,4. 3, 11 ,

9111911771 6.669,.1 778, 5. 779, 991199178777

ωαὲὀῃις 236¹: 8160766. 19618118666417· 876,9 6686181661 3166711
791,4.868,9 991181819879, 1 991981111779, 11. ·
99891171 9911114886 . 19191199. 1184 76719

Cc

919. 687, 6,.7 1911181717

 

