INDEX

1161111311, 36317 11614117,3413,1.167,11 9167
111131111369, ιο 111119111111,4 111, 111111,6ο3,6
1111111396, 3 1111111131, 11 1116111,311.11.339,4
11161411, 11, 311,1ο 117111131, 9. 131, 3 1131164136
1111111191 1171114117 71ο,6 1111616437
1111117131 14111739,1,193,1 6311119111, 396,1
11111199,1 585, ..5 393·,11911716,136 ’ 11111434. 3⁵37,
, 1 764,.3 31,11. 911, 1171116, 1 9ο,6111161114,6
1111. 111111.116.1· 16114· 1616117164

66616466361116 6891443614· §⁴879- ’ω’ 43914
1161113797 661,111111111611,46
11411,1111313 3, 474, 3, 737,11171,71171. 311, 4. 31316 1111111191, ιο
11666’1’61’1.’4”” ffffiziffl'ef 616114 &37⁸7
redituum· ³ 4⁸471· ⁸2⁴7⁶ 1111111164.461.111 1111. 46111

,,1,4,44, 11411196,4.14ο,1, 311,1. 767,11
redonavit 114. 1 46111111 16·1.1 11166111111461· 461.
116111114117 64111 71611· 17416· ⁸· 1111616411
1111111143, 3 667,1911,3 111ἱᾶ1 ᾱ1,43 7
1161111317, 3 11111361 1161611117, 5
11111111911.361,1.147,7 1111,1111111,6,116ὼ111341,4
muſtrrssuus 14166 1⁷ 1161111111111
1161111111199,9 11971 76,1111141113,4
racemum, 11411 763,1ο 11111911 331,7
111161116311 tegeno, 1 11111111,’1.493,7
11611173,1,764,1.761,1.114111141,3,113,3 1111463 7
3 116, 7 1171611111 113, 431311, 1119111113, 393, 6.
1161111111111 61Μ1ωψ 76.1
· 1111111661,7 114111113,1.1396,6.,1331. 1111191111 31499
1161113119717. 310,6 343, 3184699, 733,6 111619111111616,7
1111111149 3 114113411- .791,1 relinquen· 70172
111111111796, 1ο 1147,41111746 1 relinquent 110, 1
1141111111 131 3 11111,1οι.16,3, 581,8 1669161744, 16. 17, 13 Q
1161111131 ,3 111714714177, 13 11171911111173,3
111911173411. 3931 1111911116 131,1,,4417 16719111761, 3
1111111111376,1 11111161,6, 169,9. 333,3. 1111 Ι1191119141, 1
1111111111,71,1 ‘ 4⁴8¹· 111, 6, 111,11 relinquitmnnfimufl,

116.611111 1 111111 161 1 1
1141111,1711111111137,3,1171111466 550,5. 913, 111119111116 6

179’,1 1191111οο, 131,3,16,1 relinquetis 3
referte, prima* 11171 313, 1, 6. 4176, 417,1, 134 7 771ἷ1111911179973
1116613631, 5 ῗὲ61166663”1οέ”11ἂ”1’1’161’376,7””’ 7
1161111131 1 1141111167,1“111116,1.3οο,9311,6, 7
1161117413, 1 11911111711333,7 317, ’6. 525, 11. 91111. 6
111111, pe [11111 71111 brevi regnator 3603 53876· .,ς47 1, 1ο. 53, 7
1761 161 1 4616 1111111661 1111116 ‘’ass-⁶
11111411 regnes 55 6. 136,1 1. 691, 6.
refert, 3111171 longi 631, 5. 1131111736 ,5⁶
7669. 8,677 117111,.6,1111314,371,1 111111111163, 1
1161111114, 4. 888, 11 114111,1116.771,4111111411377 8
11111111413,11,14’3,9 1111111151 5 63, 61313 61111457, 7
11111173, 111 5 17141111 11161146611
11111ιῖ, 4, ’117,9, 147, 6 541, 7. 570‚8. 73ο,1 re1113552585,2
1161146,7 3 111111,1541 193
, 1111111113, 13 6141111166, 68 remigium„ 8

,16111614 1171111131,1111111411.1ῃ,1,
1111111111761,11 611·,,911111111 131, 7, 193,6, 1111111116664
16111117131 111,9.139,4. 317, 8. 1111111671 βὶ7794
11611111.,111333 3 3331514111. 3433. 1111116161
1161161111 1 (61. ·61711· 11111 ’1616111611
7711171131 4 511, ’3, 736.,3 774,,6111117111414,17
11114 0 630911 646701 676961· min),

 

