8005οο10506 01161015.

611550 515*
8088880019 4

110155 180, 1. 386, 3ο 78316 P¹⁰Psffm 158, 4

11085 498,5

»10165115 673, 6

51081501 338, 4
1101615883. 5

1105115 331, 2

’mmm 12914· 48851
ΨΜ 5251718391 89
>torna 811 scenam 839 3 8
?romtthea 158, 10

8011518565 09, 3. 303, 1.

4⁹3· 9
›romroeret 71
5105118655 8683

’66851515 55115
71016185 35, 9

ιο

71011888 876, 7

11018585 038, 5
1101611805 884.ι 4
7101588616473,7
9106116771 '
promittere 553,2
6111655150· 16611

mitrii, 10

promt 468, 10
mm 37954
promptae ¹37, ¹
71011165 613, 1

16061166·55ο19·817.8 properans„

66661756

mur 156. 9· 80516
8091818* 43¹›5
imperabantur 475, 3
51075η81*366,’5
mirri}

8
110751115834,1
1107515551550764,13
imperaret 171,4
mmmmm
11075115 [708. 15 ‘
110751ὲ310,3
107515111051144, 51
10751511117, 1. 7671
16515516. 5· 55715,
8083880595νῦ Ἴ
Wn‘luffmiim
ropinqorpr,r
ropinquirpnm
107ἱ119605113, 1. 638,3
1511ῑο1501. 8· 69714
1007575585
10710135 770, 3
6151135515
mfflmoomae
roposoto890,4

1070866701, 11. 704, 1 7101810900, 3

„porro 7515· 15114

’ propulit 376, 2'

..1111115955 5973515, 11611565 51. ² '

propi· 371, 5. 691, 3 provisor 887, 54
7107115036, 6. 77039 provocat 34633
71910555, 87088
7107115 8873 · prout 699,4

propriis 336, 57, 609, 3. 71018013671. 9079

, 64ο,7 7101111105 31, 1. 1177

ΡῘΟΡ804545 4063 2· 8⁷⁹p2 proximum 33738
76711055374. 481, 3. 764,6 proximu· 396, 9. 691, 3.
7670663374.. 699, 3 710, 813, 51

7507956875. 0719 01001111 185 prs, 9· 402·
7107111837, 1 10. 491, 3. 611, 1. 636,
1673513333 55115 648 33631333 ⁶87, 1o 708,
propugnacula 4133 prudent 711ίεί5111 81 roien»
propugnat 810, 3 953, 11
7168585516 6474. 866,1ς
1161165556 rrum ’

81778, 9
prorepserunt 3375

716861 10, 4
166156. 5
iiim 66054
18875515. 5
78810165 835, 7
7681656616 631, 1

710109673710. 907, 3
proroget 502,ss ·
prorsus 5⁶ 3, 6
proruan32‚1

proruet 382,4 , prior 481, 1

proscripti 3878 pub-r 99,1. 1874. 1673.
prosequitur 38 3, 7 380, 6 ’
Proserpina 159, 6. 691, 11 1115515571

Proserpina 200, 3. 4874 publica 181, 4. 731, 6. 8183
7108855 7073 ’ «¹⁶. 883, 6. 9079
7108853389 76611185 149,1 ’
7108888171 publicio ³952?

posit 801, 8. 9076 7316150113, 1

7101756855 431, 4 6685011, v. 80785081Ι
7688663776
prosperam 390, 9 publicus 838, 8
710175155498, 1 pudenda 166,1
71157151515146, 4. 3479 7118505 71158879, 11
7167057778 76651618073. 876,13
710855 8171 podet 134, 3. 46710. 7893
prosunt 501, 3. 736, 7. 86833 7. 811, 3
Ρ1ο551733, 1 pudibunda 893, 6
’ 7685114374. 49711. 6893
1ο
7685151773
pudicis 1,6
pudico 14,3
167606680
79 ¹¹3 ’
pudor 571. 94,1. 93, ι.
170,13. 468, 56. 3079.
71066654878 73, 3. 641, 8. 711,3.
profem 93 ³. 64533 ἑ883 45 8543 '³- 88⁴5ss
71051105 133, 1. 84, 4. 7680116865738,1
780, 8. 8179 7661567779. 813, 3. 837,
71016151ῑ5877,6 3 ’ ⁴
7101681394, 6. 58⁸»ss 1157118018 85161. 3. 9075
provehunt 164, 10 7651114076. 440, 3. 314, 9,
rmmm momoww
providisset, «1710586851 pueri: 4ο, 6. 303, 5. 400,
wmmoms omwmwwi
7101868178 73. 630, 6. 8171
7151611368,10

8888891695 ¹? ⁶⁶2» ¹¹

70551159075. 761,6
protervi 971
' ’²’ ‚⁸93st

1051161151 7·
protervum 7493

161685 165. 30

i

 

