11005505055555 05505055.

’58585455 8588855655 1555554855 5805 5565·
05555555 855, 3 ule 566, 5 5055 754. 5

mmo 01581055745,5 1510059 ,7. 885, 50
unite 55, 5 5155 4555

austu ⁷³¹ 55Ιί0105545 ·

0581585555. 878, 50 7051556454 648, 7. 695,5. ’
055805 555, 50 894, 55 11655555 575, 5
506150587650. 8945 1811555455,55.469,5. 557,7 1565555855, 10
5555 55 . 5 Just} 5856· 555. 5· 5585 8585· 554· 5
4550057557 , 70855595 1.51505515654,55

ungentur 555, 8 508505 708, 8 , Labeone 557, 9

ungere 875, 5 justis 504, 6 , labeni 600, 4

5551555 50 7558165595, 5. 555,5 1515550579, 12

05515549 ιι 701115Ξ5555890,8 labier& ,50

50105555, 5. 804, 6. 855,8 50511515 685, 5 labitur 50, 9. 58, 5. 739212
miore! ²⁷8st justo ⁵⁵, 80 2⁸32 Π· ⁵10, 111108195ἥ5 37173, 67479.
000555, 5. 56595 54. 504,9 8989

junone 555, 9 Justum 549, 4. 65455. 800, laborant 585,4. 558, 55

0550015 30, 5. 5504 9 11898881813358· 785 7· 3²⁸»

5555554854 7585555505 5· 5465

’095555 55, 5. 47,5. 695. ustus 48,5.655,5.859,4 Ι51505550555449,5

90,8. 575, 5. 590, 5. 595, juvandis 905, 7 1500555 504,6

· 5· 555. 6· 555. 5· 585. 7555554504 8585585585. 4· 5554 657.
55.489,55. 50750 559, juvant 5, 50 5. 7095

5. 666, 5. 7986 5055556545 1565555458, 5. 489, 50. 506,
unum. 545. 5· 5554 jumi 84127 4· 555,·5· §9725- 82³‚9
744, 7. 799, 4. 857, 55. 505555, 5. 55, 9. 5494 555, 156055 capsus 85 5555051758, 4
885. ις· 885. 8· 8554 5· 585. 5· 456. 46455· 8585555 585. 5· 555. s· 555.
0550555554, 5. 908,5 467, 5. 4797. 5098. 50. 5558. 546,5 ·
057050585950 555.8. 547,5. 555,5.1515555555555,8. 955,4
5556554754 695, 4. 696, 5. 750, 6.· 15150555,550555.55,6. 565, 6.
0000558595 789, 6. 799, 5. 885,8 405,7. 694, 5. 855,5ι
05505055698,7 3055554585 151505590556. 554, ¹3· 650,
”meum 1505555470 4· 85050

055555 855, 6 juvence 5 7, 6 1580505588, 7. 554, 50. 664,
055το5755, 55 juvencis 183‚8. 579, 5. 458, 5. 677, 5. 855, 8. 883,
05558096 55 5. 890, 5. 8905. 894,5
555 574, 55. 585, 5. 8985 juvencos 490, 50 labor} 588, 4. 559, ¹4

ure 555,4. 407, 5. 555, 5. juvencum 549, 5 15605605559, 5. 507, 7. 334,
65555 juvenem 55. 5· 5806 568. 5· 380, 5· 5469· 485.
..5070οω65555 5. 5859. 4076 5., 855, 5

aremus in 15555 485, 55 juvenes 575, 5. 97, 5. 595, 151055015486,8

ures ⁸1⁶25 5. 455, 5. 555, 4. 655, 1515551015 489, 5
urgan 8 57, η’ 9. 759, 5 laboris 50 ,5. 508, 55. 4595

5555505655, 55 505000450501551875,5 156050755,4.745,5. 795
argi: 855, 5. 867,55 juvenescit 575,5 . 1565500554,4.505,5. 576,
0515 585, 5. 506, 8. 554, juveni ²97›¹¹· 4755. 769, 5. 6597. 895, 50

4. 656,8. 8896 8. 888, 50 14800000 800‚8

0515, 1. 5.]015011678, 6 5055515 589, 5. 578, 6. 659, labris 58, 7. 555, m 5599
051915. 5055101505 557, 8. 7. 688, 3. 887,9 labuntur205, 5. 4555
778,5. 759, 57 5055555570, 5. 507,5. 885,5 1050554058
05555595685,8 Ι105050054655. 500,7 Lacaenae 193, 7. 555,6
us 565, 5. 585, 55. 598, juventu 557,5. 595, 6. 576, 155505550590,5
50,650,8. 6494. 8, 5. 4897 855500500055575,5

7. ⁸7⁸⁸? juventusx1‚4· 55,7. 554, laceranda 350‚11

’05 fit 115555 qne 954,5 8. 565, 5. 579, 5. 65 , lacerant 298,4

0115578, 7. 509. 5. 558, 5. 689, 55. 758,6 lacerare wm

55. 675, 6. 764, 7,. 775, juventum1e9‚3. 554,5. 585, 1500555555 655, 5

3. 893,5 3. 505, 5. «508, 5. 555, 15005555707,ι4
05557555 4· 3⁶323· 41121· 875. 1555555955

06554958 50. 8798 1500515457. 5ςο,55. 595,
0514515658, 7. 7066 ,15586584553 5· 856‚6

uffi427,3. 5050515466, 55. 6858 15555056, 1. 7²9»⁶

 

