1766116161611 01111611.

111111161- 1161 1111164
1611671111. long& 14,7 16116663

16111,711111.61111’Ζ668 16111148713· 51611 ,151111 '
acis 531,ss Idomeneus401‚3 1111111166, 6

1611617337 1666663411. 3663 1111111171711
astantibus 506, ς idoneum 363, 7 111116166116111 883, 4
:stantior 333, 6 idoneus 133, 1. 341, 1. 750, 111111037. 488, 6. 4338

1611116, 313,3.673,1 1· 791, 1. 367 1115141511· 48513
6681113864 16614668 111111130313

amum 113,1 ' jecut 37, 4. 38, 6. 163, 3. 4111113563· 463,8
1611111641. 16 1611· 441· 1· 591· 11· 1111161611

1611611143 7116. 11414 1111461· 661- 1164.
1ἃ11161777,11 jejun: 4461 183113· 4⁶⁶ss

16116 61,4 jejunia 6666 11101125119.61’1.133,8. 4766
16111431 313661161666611111838,4 1101111643117
6116611163 36111616166 1111114061

1661111361, 3 1311111313,16.631,13.716,1 11181114918

1611661163, 8 ignara 133, 6. 3661. 8464 1181111115οὥ

1661116163 1311111111 673,6 1661161611611163, 3
116111 866 1361111766, 3. 8468 111881111118111140111

111116 36, 4 146116 836,1 {mmm 691, 3

11111638, deinceps 381, 7. 1461113361

161 1666413..

116,1638,311116368 168, 3. 1361 363,

3. 1161. 3961 1461111163
aminis, 833, 1 . 1361111764

661811663. 8661 1411161 131,1 .. ‚
1111168761 1366611166113116166643 ’111815141611 ¹
6111861164. 473,7. 81611 1361611611. 13,1. 343, ιο 1138111111 1ο3, 1
1161161834, 11 ignes 44, 1. 33, 1. 148, 4. 1118116166 139, Ι
11116961· 81161 1111· 111. 1· 411,4· ,1111164917
1111111196. 1· 11114 611. 16 11· 1166 111111 55918
16ῑ161161366,3 13111163. 118,1 1116117668
16111364. 13611. 131, ignibus 38, 3. 164, 3. 1464. 1111111140οῶ

3. 3163 181, 7. 3161. 431,1 1111111116ὶᾶ 66766663
1661161411, 6. 6463. 814. 13611666. 3,1. 163,8. 47, 111086 6311 1

1· 1161 ⁶· s·50⁹-⁶·s4⁶›9·⁵90›⁸ !¹¹¹¹⁶?¹²⁷¹⁹2¹0
1111617164 1361664164 ,1118811 64811
1131618, 1ο ignobile 3768 1111180 5551 1ο

’11111161 mmm 1111111111116161
Iapyx 346, 11 146616161611834,7 {¹¹⁰⁶ 712, 2
1116111111 433,1 ignom 5³², 9 3111111111 416, 1

&¹²37st ignotam, 1, 83⁸²ss illustremfflerhssyss

6111 718,4 ignoratn 833, 16 111111173419

berla 443, 11 1466161783, 3 1118891713110
61113131. 4161 1311616873, 16 1111661161

hericis 441,1 ignoscas §552² ” 1111111911· υ. 677,11
1111111416 1366613361 1111881111 54 n·- 336, 7.
’11161 381, 1 ignoscent 543, 7 16611 '
66616133 ’ 131161”611863,8 11118116358, 3. 494,7
1161011 1111116316 ’ 1111111161

61111868 1313111171, 11 ⁴ . ” ,
caiis 3,1 13116616 331, 16 1181804914· 866. um.
11111166 11111111.1·111·1·1161 . ⁶⁶2⁹?

661 113,1. 7861 1311114331 Ι11111611111631,1ο

11314, ι. ,17, ⁵ 1,,11. ,4.,4 1111111111· ⁷0⁶, ¹1

Μ’ 97» 2 146116 667, 7 11158111 7⁶32 11

816166 1166165161. rm 11111111 ma

εὶ111381 ²· 310‚3 1411616111 331, 9. 968 ’8186116414

stum 113, 1. 313, 3. 966 1311131313, 3 1161111111 17, 3. affin, 4²⁸st
8111111· ⁶· 40⁸» 6· ἓ961 116116116616. 1616 111111359η· 18616
13161. 311, 7. 9666 1111116813, 3. bis 11611166 838,1 “
1111111· 11 · 1111161· 1111· 1161111111611116

 

