Δ676633333633333 03333338

3333337785 ’ ¹²· 7585825· ⁸²¹2 7· 887, qmffiffl' 6816661 6· 8⁸91
6666366686, 14 wanga gmffl'm': 3:92 ¹⁴: 1

,4449334997 9333383799, 39 n· 93333313636103687 61· 368, z.
8883 88...8. . ,8 . 83. 38.
’9136636983 9681668788 · 53315· 59615· 66736·

’ylium 69,4 9636333337 ,6 689, 39. 739,4. 736, 34. ’

37334989 93363834 ,3 7686. 9693
»7686369993 . 933833 6788 933368633333633683933,9
37393333, vide phimum 9333633333 963, 9 9333363333νὶ3 848, 34
31113644 1311661313. s· 3161 13111111 63. 8 bis· 463. 7.
,8, .. 3
,1733133 9383 queso 6687 649, 3. 6983. 8689
’7331837888 96331863 887 qum, 66 fi» ‘lmpmptet 699,
’7336383789 93883 95389 36 .
’7363463347838 698, 34 9333633699, 36 1711111998,33.994,7.89ο,ι
9633963333 6783 93313983. 4499 9. 449, 3. quarta ,895,6
’ythagore1833‚3 669, 3. 6683 3616193363 6983
’3114131811 3111113384 3381· 3363 311111 36134
1736333899, 33 7. 8394 9666336689
’7316333683 933133 963 9. 8984 9639369384
31161· 331. 6· 333. ,,6. 6384 3111111161 6389
9331336783. 734,9 9616339, 9. 9989
Q 933Ιί3333933 6383 quum· 33⁶, 4. 931, 7.
3116661383 3388 63811

· qualis 934, 9. 963, 9. 436, 96363339, 8. 697, 9. 769,
0343396388 336. 13· 4386. 433. 811· 3· 11 »3

uma quateret 987, 9
9336338688 9 9683 9333333363 994, 33

3111111111 3484 6488 311111114683 · 31191113.

9363333 totundit 3333333 799, 9333633663, 3. 3684. 384, 9636333 964, 33. 7484

u 3. 339, 9. 396, 9. 976, 9333333983

1111917384 . 3· 3681. 3381· 941. 311668 s· 131. 3. 333.
43363393338, 9. 779,4 3. 63 ,9. 6887. 89, 33. 8689

3363633363 987 33. 7697, 9. 869, 3. 869, 9636633383. 983
3363833936ῑί3 7387 39. 969, 34 quatuor 993, 3. 967, 3. 8484
1111113316· 3383· 33633 311161 33. 3. 461. ¹· 468 3111113383

,3333333333 9687 3. 994, 9. 698 33. 633. 963 369, 3. 3389. 949, 36.
333333 939, 7. 749, 33 708, 34 . 96, 36. 966, 7. 968, 8.
1111334. 3. 618 6· 338 31111131311161316111314. 113· 34181. 334861
9. 764, 8. 8688 3. 6886. 7686. 769, 9 9633336883 .

umba 9683 quandocunque 788, 4. 866,6 queamus 93 9,9
1131111333. 14· 313. 3. 1311161311 364. ¹· 3681· 31111463. ιο

3386 3181 31116683· 6163.
63333363 939, 7. 9789 9333933333 338 4. 399, 3. 93333 9983

63333336 343, 3. 9987. 39833. 9388. 9398. 9333834683. 9389. 998,
6389. 7388 9684. 639, 7. 8486 33. 99833. 739,9
3633333333 363, 6 93333369, 8. 364, 6. 446, quem 33, 9. 33, 9 37, 7. 33,
umentes 993, 9 9. 46833. 9687. 6987 9. 99, 7. 96 ,6. 978 3.
uaerenti 92, 2. 7389 93336336684 9889 9889. 407, 9.
333333 99, 6. 3984. 978, 9333337483 4383. 4788833.

9. 938, 9. 979, ιο. 608, 9333333840, 33 quemcunque 683

3· 146. 3· 36811. 643. 31119 936. 9· 6384611 3111911333. s· 367. 33
4. 8989 9333333 36337783 9333333333 947, 9. 7984
mres 708, ¹4 9333363436, 34 9333633339 3, 36. 7689
met 336, ¹? 4784. 7689 quanto 311,7. 322, 8. 948, quenquam 637, 3. 638, 9.
3388339989. 8688 8. 9383. 7384. 63, 696, 9. 8489

33383 9683. 9384. 734, 8633. 9336636489

3. 77224 9333369387. 993, 6. 934, 9333363889

‚erit 278,3. 999, 3. 984, 36. 99836. 6883. 769, quercus 96, 8. 993, 9. 439,
3. 4384318861, 41463 6· 3383

Δ

 

