11111

7111511811, 11 7111611618, 5 16
71151511, 1 7111111 17, 9. 55, 5. 415,1. Pathum 421‚4· 456 7.
1111516.1511.4·ς61.4 46414111 611111

⁶23. 1. 111. ¹⁶ 1661166114· 11111· 1611 816665511411
71111111 155, 3. 8154 7111111,71111141.1711ω711,5 Ρ11111111161,11 56411 ¹
71111111 457, 7 ¹parente 7119655, 8 Pudnu 1οο,1 1
pannum 816, 1 7111111 3 71111648, 1 7111 6111154,4517,8.6457
71111111 874, 6 7111111151,6. 57ο,6.6 ο,1ο ,1111111654 1141.
11111161 587, 5 7111111141, 1. 157, 6517
7111111611 6156 7111111111 71111 5156. 115, 7161,7156111551,1
1161118455 7 patin 6515
6111611111 118, 5 71111111651. 186, 5. 451, 7116111814, 5
Ι1’111111ῐ11611,9 = 9· jby'mso ' 5711115159

71111515, 5 parent} 11175, 5. 4851 7111611444, 5
17165557 71116811ςῆ9.. 198, 5. 232, 5111811111,Μᾶ575 ff
717611 551, 11 ς. 457, 5. 517, 5 7111117181
141161. 1166111· 11114 1116161151 1167664116

15111 “ parentum ¹¹, 1· 7116· vm* 514646
7111615511 , 78145 ’ ’ 7111111111 mm
7116111711 661, 4 parentur 911, 1 pinus 165, 6. 4577
711 nobile 6111111111 661, 5 71111857, 9 71111 117, q. 1167 514,
vamba ¹39, · 55117 11716 564. 9 144611· 51166161

parabilem 516, 9 71111, 1111. 541, 5 711111 576,15
parabo 450, 55. 877, 11 7111117111,11511,11. 657, 71πί 474, 1. 51611761
7111111865, 11 66116644. 816, 11 11 ”

1111111751 711116 71111 715511. 741,1 7111614176. 5171. 7611
7111616515 7167511 ’7.7 1581651841
5111111151. 655, 7. 774,8 71161558, 11. 647,1 7. 86 ,5
’7111611516 ’ · 7111611111]16111887,7 7111111565. 1171366
Ι 71116618466 11161154,1.756,1 6. 565, 7, 418146,
7111651 555, ,8 7461144, 6. 541, 4. 659,1. 7. 657, 9. 86517751
7111616411. 866,7 815, 11 11. 9111
71111641, 1. 757,7 Ρ11ἰο 81, 4 71111115, 8 5546 516
111145411 ’ Ρ11611811, 11 9. 611,5.6 16611
64161418· 84111 Pw‘· 71615 8114114 136
paratis 111, 1. 655, 1 pariter 155, 5. 772, 1. 815, 5. 8565
71111111648,4.’761, 51 5. 858, 4. 915,5 · 7111161ιῦ8441
11111416, 1. 491, 7 ³ 1311111161 746, 5 71111 651, 1. 711166
6111111419, 4 parmula 175, 5 711111 171,4. 55116
71111515, 8. 689, ’11 parochi 561,1. 717, ¹. 71111111 518, 15. 75515· 6681
1611641511 ’ 1151134115 1 ·
Ρ1111 171, 7. 474, 4. 498,8 9111611611 554, 6 71111111 541,6. 744151 161
711111195,6.665,15 711ῑεὶ115558 585411 “
5111 111, 1. 178,5. 151, 7111 111, 4. 561, 5. 571, 7111111117111161111666ὐ
(1.7. 188, 8. 561,1. 11. 581, 1. 484, 5. 511, 71111116616111
. 4661 · 65771161111554 141117611146166
111· 55411· 6111 -116661166116116-111. ¹· 11. 1¹· 64
7111111511. 5,7 “ 71111611646, 7. 8754 7161117551 1766·10118
7111111111 511, ιο 7111 multa 714, 1 71611161 578,1
parcentis 611, 5 11117111 511, 4 pascere 549, ”AM-¹⁰5!
7111111 512,2· 554, 15, 789, 71111 58,11. 65,11.111,1. “ 6
1 - 1. 17,8. 155, 111. 155, 7. 7161175511. 81516

711111 547, 15. 761, 1 511, 8. 551, 7. ,5547 7161118115
pa1ci183,9‘·· · parte ab emm 116111 beatum 71111117,

Parcis 111, 1 5 117, 8 71111567, 1
11111. 551, 5 71111115, 7. 115, 4. 111, 1. pascitur 551, 1. 74518 ’
6116114611. 6156 474, 4. 651, 5. 717, 7, 7161116954
7111611 515, 4· 7 56, 5 7161111418, 14
71116151, 1. 555, 5. 656, 71111111,5. 511, 11. 811, 7111111151,11.5ῃ14
- 4. 763,4 ⁴ · 5. 846, 6. 888, 11, 851, pascunt 111,1
parco 151, 5 1. 911, 5 ⁴ 7161617165
71 cus 117, 1. 615, 1ο. 645, Parthi 111, 1. 614, 11 7161 551

’ 8· ⁷⁴9³ ⁹· ⁸92⁸ ’ 61666633163116611. 1166611166ἔέ

 

