ῙῌΒΕΧ.

1111116941. 6591 11611464 ’ 6. 6196. 6954. 657
11111,11415 2 1161914196 11

11111111396.116 1161494614 116116111991766, 4
1111117711 1161111116 119. 5195. 451. 11 111961419
1111163, 6. 166,3. 317, 10 1111191551, 4. “Su-758
5 4333, (,,3,3, 7ω,116111111113,3 716141. 6549
7 8545 753,5, 858,6 70171872 6161230,.6 269,ἆῦ
7 11661116,1. 304,4. 366, 568,9. 635, 6
111111111677.9 5. 4ο4,6. .4.17,11 461, 11611191 19,5. .199,6, 711.

111111 1111111111 697,5 5 774, 19. 765, 5. 9
1111611664,5 69116 1111111611,

1111614746 1161911 1644, 46191. 595, vidisset 576, 6
1111115141 11111161. 133,.5 547,
1111111643 374, 1. 3645. 11. 377, 4. 7556165

1111111417,3. 566,4, 6564416· 67911 s
11111455,1 116 0111150616· 614,6 1661191911655

11111719,.6 745, 4 661, 1161196111151,3.446, 13139114694337541
1131114041 11611111 156,4. 376,5,6111’1’665’4”ο;α Μ
wamy, 5 1116111111 744 9 11111147ο,7
11191454 565,.6 616, 1161111773. ιο 115111 536, 5 677.11

¹? 11611619,1.11.907.4 1159151414
1111616969 1166111116 117 vigum, 6

mit 337, 6 visto 11111561, 6 113111651μ3
11617, ¹4 1161111, 11111. 6111111 513,13.7551111111351,4
44 44 44441 44
1. ’665565 6199. 916 2 5’8850388 4641 7411111611
1117691456μ6 591,7 6666677664. 794166566661666911
11111,1119ο67 1111111111 54 , 5 7151111567, 1
11115694 1161116191 11511576,1
1111113373. 441,7. 701, 11611155 1,12· 655, Ι 11591189,4,8

61411 1119141111· 611111 1111111
11.11111171,5. 777,1 1111611775,1 1111111599 19. 6131. 663,
1611195, 7. 164, 5 11611611 653, 4 7. 891,9
1111116974 8561 11111111 5115 71116411. 3541 .
11119116911.556,,4 5116111116694 11116671

567,5 5645 116,195914. 616.3.766,11111765, 6. 795,ss ..
1111111111 7137. 716, 9. 9. 691,1 Β999,6 1111119996ο4,11 ·

717 ,5 720, 11 116191151,11ἑ 5 552, 1111611619,6.617,5.6611 1
61111111334μ6 709,10 7,·65519116616. 6

6111111451, 5 , 111111, pmcn 577,5 1111916635

11111ο,1.·416,.6 473» 1161111 fi 11476,7,6461. 11111349. 13 5795. 765
1490111· 191111 611111 111191

1111114516 6914 1161111566, 4. ..5696 591,111161111567,5
11111111,1.554,5. 491, 67196 · ¹ 3917191

7. 679,·9 ,111911116499 , ’,1617,7,,4,4,, 744,
1111651. 666,5 1161113719 413.1. 519, 3,566’,6 7
1111111356, 9 1. 699,.9 636. 6. 3616193191 1
1111111165 1,.6 769,7. 696, 3. 665,1.904.5 1161117463

3 1111111111 1711111. 6111111 371, 1111111117,66 1. 667,ιῖ
1111916336 1,494,6 1111116598, 79 9,39 ..
11111111147, 10 554, 14 1111111, 6916111.574,3 767,61111111514,1 ³
1111111163,1ο 655 7. 66 6,114 . 1111111565, 14ἰ. ⁶392& ,,
691, 1. 71113. 665, 1111136μ1 691· 3116 111169 6664164111.

> 7 . 1168· 1191· 61111· 1111111111.
111117795. 615,1ο 661,..1 666,.17.16,1 4. 749,ιᾷ

„17„,.„479,2, 1741 880,15 1111111596,1
1111159, 11 1111μωςοις 1514 1111401111. 161169 11111

 

