10011-

71151669, 7 418811 891, 11
ptffiffe7 8,14 411611 84111
411Ε1718,4 4010011001316,1’
,,ώο ¹03» ς priscis 8644
4140041148 40610161, 6. 818,1
pretim-„01 318,11 371, 41161001 370,4 prod 1300133, 1
4111111301, 10 4110301134 z 761, io.
8841111704, 3 763,8 831,13. 8643,
0189808191 . 1111111114 881, 1²
1081111998 115809018101401, 10101111
6. 327, 4. 633, 10. 794, 4011111743 11 4101111181,3.707,13
10. 800,11, 810,7, 831, 4111111 31111 883 6 4106101411, ς
8811961111 86ςῖἰέ 188375 134, 77:337} 88997079 ffiffnfqssuz
mm387n.1· 63⁵3, 8. 884,3 4101111118,6 3, ,188,8. 343,4 41111111181 11ζ7
· Priamiden 383, 3 privet 704 8 4108υῶ01884, 7
8011011441. 6338 1061003331 4111111111 8046
Priape 432, 11 41113011 741 1 Ι 4110111001 363, 6
prius, ,1174011173111 4011111417,
4111116938. 8149. 840,6,’ 8111110181, 9
18011808 1086· 6101, 8,·811 91011 1 08088οᾞ011, ,1
87 3. 713, ,6. 7141. 4111010 683,8 4101111110 1381
7344. 77, 4 410,1“.1.1’11111611111319,3 profu ς14,3
4101004871, 0061180· 4101118101110181761,1 4111111137 13

11011184, 3 41111· ,846, 3 4106161104,
4171111 6111 760, 3 4108144011 proferat 781, 1

41ἰ111ε390, 1 1088181500 pmffi‘tffi’ 3¹ ''54’4 “M
ΜΟ, 6 4108101110, 4 8188810111188311 ¹
,4111111101 4,· 108010 111, ς 1198010881 s

4110111303, 3. 4446 ,1. 334, 4101114144 41161881 1013018744
1. 34410. 16 ,3 4108118334 894,9“ 4088118143

4101910, probe 8906 - 119880 aaudiat-stethu
’4010101104 1198111101· 81114 11081886 101

4111001116 14, 3 probos 300 7, 370, 10 4108160413, 6, 631, 3
4101010111 870 5 4108061171, 1 41061110 5:0³⁶
4180101417, 11. 39731. ,6941 410811,333,11.831,3 ponemus, 11
41701110 348,1 4101110149, 3 proficiscentem 7841
4110110101.σό 111 ,.3 198, 4101111133, 9 4106118ωο837, 10
1, 1741. 641,10 668, procedere 311, 71 338,ss 4106011133610
Ξ. 7813 ⁸⁵⁹* ‘⁷⁸' ’7888ξῖ8 ,¹³ 58878,ῒῖ
,4110111176 380,1. 400, 9. 4111181184, 3. 33018736 41061311 48134
401,7.31,.610 618,11.41011111118814,10[041114184
y 679,8. 718,.9 736, 9, 41011111 338, 4060110366μ7 381, 3
810,.11 8843 843ξ14101111477μ3 6883 . prof 1081104131
4110114113,1ο. 3147. 361, 4101011341, 3 · 71031091108374,3
. ⁷ 1. 8104 41,ο111016164 404103810141. 4143
4111104188, 1. 83410 410111Ῐ1111883,1 4103111111 3331 6649
41ἱ1174ἰ6 9, 3 4101168911 prognatos 376, 5
4111041801 806 4 procidit 387, 7. 488,8 prognatum 314, 7
4110114113741 4111111916. 683, 3 4104111111 61310
4101041101 173 1. 6944. procul d,it422 10 rogne889,3
'9093 procul 187,3. 430,1. 374, 41081681
4110114101 148 1. 416,1 13. 701, 18. 761,10, 777, 4108181811 373 3
40014044. 3003, 3641. 9. 861,8. 86413 410618101171,1
6,94,9 101.7191,1,81911100111,1 119880118801110118
16081 11, 1190001100. ‚2
41101101 684,13. 811 ,7 4011111181483, 3 ,
4111111183, 3. 3141. 399, 4011101138 3, 11 41001810111,4
1. 87ο,3 Procyon 334, 10 4103101701, 11

46061144. 767,10 4100,1113043 4107161004Λὲ
3 1818888 .4.30,1 344, prodentem 6916 4113111116. 6

,1 0111111433, 2 projicit 8848

 

