vocrruuorru 01111111.

1111411111 451, 7
insequeris 8 51, 1
1111511540, 5
1η181ΐῗῑ386998
nstrum

11111 §sm
nferit43e,2

nferrie honori 887, 15
⁴nseverit 554, 1
1111111517, 4. 546,6
insidiatorem 684, 8
1118111701, 16
11111111 846,7
1115111494. 546,6
1651111115. 141,1
1151111814. 115, 5. 119,
³: ,3232 s· ⁶⁶92?
6651155,1
165111661,4
1861114411· 11111
insignit 617, 8. 968,4
1811119141

1161111481, 5
1114111111
16111451,9
1111111111787, ς
1161111115, 8. 76,1. 181,
⁸· 57⁵·15 .
insolentem 165, 1. 557,8
,11611111 159, 3

1161111111 494,6 '
11611615761,
111ῐί111891,15
1111111814

11011155, 5

11911111 464,1
mmmm
1171111757,6
nspict763,5

respiciunt 515, 11
1811111651

11111111 15141
11111585,6

insulas 484, 8
insulis 597, 7
insultet 154, 2
insumebat 911, 1
insumere 654, 1
1116916791 3
11111511465, 7
imbuissent 447, 6

11111611 685, 4
11116111 19, 4
iuuere 465,1
1111111669, 5

- 1111611551, 5. 8441

inertium 154, 7
1111611456, 5. 615,7
intaminatis 147, 1

integer 166, 4, 116,.4. 611,1

, integer animi 6 58, 5

1111511118 88, 5
1111911116111644,4
integra 60, 8. nm
integra 165,1

11115111 161, 1. 654,15
integro 585, 11

inmunitate

inttffis 1396
1111111716,8.889,9.865,1ο
inmunitatem
1111111111654,1
1111116415
ἰ’6881111185
1110111111, t·

intensor 477, 9
11111111186,1. 767,5
1116111 561,6
1111111478,6
111101611618, 15. 799,8

1111111444, 9
intulerat 165, 1

intulit 18, 11. 486, 6. 8447
intumescit 485, 8

mmmrmm
1111111869, 6

invenire 556, 1
sitisti?

invenior ⁶82, 1. 6466
invenisse 896,8

1ψωηψψψωψωψμ1ωη

. erret
1111111511776, 1

intendet 759, 5
1111111577,1
1111116145
intentatum 8985
1111119115
interciderit 671, 4
111111118915
intereunentit 741,4 '
1111111611 519, 7. 758,9
interdicto 658, 1

imm §9⁵23
interempto 581, ιο

interit 895,6

intererit muitum 881, 132'
1111116161,7. 597,’9
interest 515, 11

111111 466, 5. 515, t· 594, 1111116611

remei,

1818811λῖ 6297 10
11111 51ο,4
18111116915
1611611788 .
astitoribus 4696
1611111874, 11.
16111111186,5
nstitutum 544,4
111111111604,3
1116741111
11111111 897, 3
remetior 811, 5
1111111841,3
1111116116 541, 4
1111111557, tn
insudet 55111
1111115575 A

, Α 1111111515, 8. 47113

1111111888, 5

inventu 695, n

inventore 606, 4
111111111905, 7
11111161811468, 8

imeri 168,1

88888110 ⁴⁶5² ἱ

intersum 43 ,8. 519, 5
invertimus 555, 11

invertunt 71774
1111111711· 1111· sent
1111681 8 1., 9

iuvisse 475, 11

invicti 5 50, 15. 6147. 717,1
invimus 584, 5
ὴώώυψψηω
invidt 456, 5

11111111516, 11

invident 574, 11. 595, 8
11111111189, 5

11111811515, 8. 455, 3 1881101811114415

interimit 656, 7
interiore 1⁶0, 81 ‘95¹⁸
interire 116,8

interit 877, 9

interitu 885. 7
1161111915, 15
interium ³92, 61 ”me
interlunia 98, 5
''immina‘' 447, 5
intermiscere 605, 9
intermisit 561, 1
internoscere 910, ro
interpeilnndi 595, 9
interpellatim 671,5
interpellet 581, 5

interpret 681, i. 889, 9.

2e7. Ξ

1111111111 141, 4
irrideor 877,4
inridet 115, 1

· 1111111175,5.568,8.789,11

1111115566 “

11111116111
‚ ⁶.·.⁶²⁹³³· 7392‘· monn
11116111 697, 11. 807, 16,

,11111

81111 11111· 1811
1111111511, 1. 717, to. 746,

u, 791,1
1111611111 161, 3

{efflagita-3788. 4. tent
1

 

