INDEX

77777·776·7771·7·4777 7777777777 muns
7771677777· 747. 7· 467. 777777 967· 7797· 67777 7777174477
6· 7774 777777 7777777774 77777667
9774775, 7. 599. 68, 6. 9757977477.507,7 97777577,4.497,ς.860,74
77. 7· 774. 7· 7747· 77171777 777· 77· 777· ¹0· 776776· 77· 77771777
7764. 745, 7. 795,7. bmn- 754, 5. 877,8. putantem 7646
74,7. 505,9. 570, 6. 856,4 7
55 ,4. 565, 70. 565, ι. 901784ωωυ7567,4 997570777647,7
777. 7. 4477· 447. 77 77771777 67. 7· 776. 7· 777. modum 7777
457,5.455,7.464,7.8κ. 7. 600, 4. 768, 5. 778, 97777 557, 7
9907717707ὼιτα5οω 7. 788, 8. 800, . 856. 9777707 §9⁶²4- 775, §mvi
puer, id 94, lemn 680, 5. 7. 880, 76 8886847175. 549,5. ⁵5⁰·
774. 7· 7677 771717777777 6,· 68777
pueri 469, 74. 575, 75. 766, pulchre bene 77817 970, 75 panus 8ο, 4
4. 747,8 9717177ὲ877717681775,4 97777764, 5. 7945. 577,
7777717877· 66. 7· 777. 7717177ἰ 777. 7· 8777 7· 777· 7· 777 77· 747.
7. 547, 7. 5649. 59ο,7. 9717610767, 7. 787,5. 790, 6. 8647
77777· 747. 7· 7778 77· 787. 7· 47677 7777777777
5786 650, 6. 7769. 9717177ἱ7475,6.648,7.877,5 977997147977. 45ῌοι “
6477· 7777· 7777 771717677777 4497
77777·’7676·17771777.7.777. 7717177777 777· 7· 77677 7777777744. 7
4 8757 ⁴ pulla99‚2. 485,7 9679777755
puerilius 667, 6 pullam 588, 75 purpurea 707, 79
77017777. 7· 777. 7· 477. 77117476. 7· 667. 7 77777777 777. 78
7. 406, 4. 467, 5. 508, 9771106 5,8 purpureis 56 5
7· 7778· 777. 7· 677. 7711778674 77777777 7177- 777. 7·
7 477. 77· 77777· 777· 7711777 7777· 7767 7746
75. 760, 5. 76ι,5. 847, pulmenta 676, 7. 875,5 purpureum 794, 5. 8076
4· 8667 771777776677.6 7777777777 773. 7· 6747
9777707977. 405, 7. 557, pulpita 82², 5. 846,9. 897, purum 778,7. 657,6
188188 8837, 88 ,787883 88888187, ,

puerorum 507, 77. 547, 5. 97117787759,7 9777587,8
669,77. 750,ι pulsam, 7. 5ο6,9 9776777,νὶ87 papam

9770747577. 757,7. 578, 9711476956 9776117777,νῆ79775781777

m 588, 5. 496, 7. 499, pulset 877, 6 9776111546,6

5. 548, 7. 874, 4. 8253 puffis616,8 976110 565, 5

9. 8895 pulso 508,7 97778657
77777677777737776 7716777777 7777774784
9799474978 9717477777. 65,7. 777, 9677778579
7777777347 7· 777· 7· 3⁸1‚8· 664. 7777777778
9776677565 7. 779,ι 9777798497
puerum 43, 4. 775, 5. ²5⁰· pulverem 2, 2. 757,7 putas 575, 7. 557, 70. 675,

7· 7777- 7767· 666. 77177777 4774 4· 668. 7· 777. 77· 774·

5. 687, 7. 870,7. 856, 9717471455,7.707,7.779,5 77. 787, 5. 877,5

7. 90777 9717894597 9777177689,9

gil 947, 70 pulvinar ¹39›² 97777675, 5. 655, 77. 876,
§sulem 568, 7. 577,4. 879, pulvis 597, 77. 547,9. 8057 7. 867,8

7 pulvisscumbrasummqnm 9777770657, 7. 765, 70
pugiles 848, 1 pumice 874, 7 4
pugna 585, 70. 774,874,5 pumicibus47‚3 9770716964. 879,7
777776777777.7 7777617667· i· 667. 77 7777777177· 77· 67774
pugnaces 757, 8 9077687777 905, 7 putent 795, 4
pugne 65, 7. 755, 5. 575, Punica 17717 845, 4 punt· 879, 4

77· 77778 1771774744 77777 777· 7· 748» 7 9282?-
9775777777 565, 5. 5647 Punicis 769,5 705, 4. 79799. 850, m
77777767 777. 77· 774· 77 Punico 777· 4· 46477 7777777ῑύ17777677.7
pugnaremus pupam658,1 7 9777676097
975777,77777777,5. 707,7977171777658,7 putetur 857,7
pugnat 270‚8. 75578 97797167 776,8 997777786570. 913,ss
pugnata319,4. 798,2 9791117847,5 9776877057
mavit 447, 7 puppes 467, 77 9968777458, 7
pugna 587, 4. 7789 1777717596 9666776457

1

 

