5186111116, 5. 58511
gelidus 817, 3
06666111. 1
Gelonos 187, 5. 161,1

8663313
1

¹ ’1
51111108858
5111111111811, 11
5111111557
166611
‘fflllt'l9252
166666 117. 11 666. 6
56111161151.. 75511
gennem
51111581. 5656

01111111416, 5

51111454,11.’515,1.688,7 0111111 1568 .

‘eoemw’a

goneratur 50, 15

genere §072³
5111118164 .
generum 674, 4
1666666461· 11916
51111161 571, 4
generosus 'qm'
5111111111795,6
generum 165, 1

genialis 16111751. ιο
5111611951. 7585
genibus miuor 785, 6
3111114156
1666616411. 11
1666611611
5111111167, 5. 86106
genitricem ⁶10, 9

71111111

516,1. qm. ς47,1.11κ116611,6

11611· 8161. 7· 6884 665656711181485161716
3¹:2¹3&sz 01ἐιῑ136699, 5. 11186145,
16666116 76811. 86611 1· ⁸5⁶· 7,

eret 581,5 Gmco338,o· 877,1
{tri 8811 61εο111111556,5. 661, 5.
51611751. 515,1 851,1
6111111581, 11. 481,1 0111116115, 1
,1111111151 (8111115851. 64⁸,6
5111161866. 15 Gaza 466, 2
Geryonem 20⁶, 1 cni: 118, 6
5161111 16, 5 01111161. 6. 1115. 8181
51181685,7, 17. 901, 5. 611.
51816416 oram 597, 4
16668181 1666666161. ¹1· 11111
gestans 151, 6 5111611159, 6. 184, 2. 416,
1661611111 1, 411· 61661» ¹0
51611 111745, 5 gramme 65, n
511151 56,1. 5157 5111111116111811,5

1 5161111556 5111111111ύὰ 8791

1666111161 1666666166. ιο
81511, ιφ 5111111149, ιο. ²¹92⁶·3²³·
611411, 1. 814, 5 6. 617,11. 655. 7
16661116. 84116 88111 1666661116 6111
(11115555. 5153 5111111475,1ο,ς1ᾳ,1-6116
Getulae 323, 1 ’ 5111611817, 2· 858, 13·
· 15
Getulo 868, 7 51168117ιὲ1, 5
Getulus 95, ,5 5111611111 8, 2
giganteo ²40³² gundisnatu 76404 6
gigantum 2 32, 6 gundo 768, 4
51511 220, ιο ’ granum 649, 8
5811111 18 5,1 grassare 690, 10
5111111195, 1. 5111511111 778, 7
5111111111111646μφ gratam, 1. ⁶4, 5. 8ο,
51111115111111111111644,9 118. 5. 1154 nd
glanda67⁶fl 195,1. 569, 5. 5951.
1666661111 161» 1· 41616· 11116
5111115858 . 5111κ554,5. 3⁸⁸2!
5116118111. 789,10 5111111111 4¹4»9
8666643613 866616 90614
glomos 785, 8 5118871, 11
11666181» 1416· 1611 166616111116161171
' 611161· 811‚2· m 611111111111666
gloriam-subm , 81111. 8784. 7687

5111111516,1.767,9.845,5 0171111181, 5. 1161. 115, gratim, 1. 117,1. 5181. 3

5111111869 1. 891, 8

1. 511,7 418,1ο

gens β11, 5. 430,2. 616,1ο Glyconis 727, 2 5116115857. 659, 5. 771,11

5111111 1111 18, 9

gente 161, ἶ, 666, 2. 68511 Gnatia 568, 4

gmn534‚9 1666661661
5116611111865, 15

5111111 9,1. ¹3¹26· 10185 5111111716ηο 51116155. 196,9 , 7
51111165, 5. 486. 11. 51119 5111118161 5116111130, 1. 151,8.46ἣ ff
511166111811. 187,1 5111117551 5. 6954

51111555. ⁶524 5351 7311111016 5111111116. 451. 5³0²·

5111111471, 6
5111111951. 8151

0111611656 1857. 65556, ⁸5²2? 2
666166661661611611 1666661114

,111111111111116155(11111111111, · 6111114681

11116

71111115, 1 5111151. nm. mm·

511119,ς.11,6.18,1ο.61,51111511. 57421 5169. 71515. 8781
* 4. 1155. 1175. 1151. 5111111 17, 7. 155 5111111116,5,76,1.167,6.
611161141116111111. 16666811. 6611· 81611. 16616. 61116- 16116
7.516,5. 44155551. 8985 . ·‘ ” gamm-2122· 157,1,

 

