833313333314, 0141111111.

3131111111 39531 74414 333,3, 893,3 668,3. 866, 1
313613 393, 6 133133333133111663 concedes 361,3

313833133,4 7 commorit617, 3 concedi 904, 11
olumba485,6 commotus 657 3 3333361131349, 8
>lumbam 339,3 331331333313,.4 383,3 concentum 389,
1313631143,9 333131331336,13 696,3,13333111334,1
1133181331,3 844, 3 οο333113111138,6
11331133633,1ο 3313133313834, 4. 883, 3 concess re905,3
1131361136 133331331631334,3 , 1333113333, 1
1133333339,6 33133131131483μ1 336, 8 conche 6341 ,
1333339333 6336613443 348, 8. conches 179 1 .
13313331333,1 633,3, 846,4, 883 ,4. 133163113433, 3 631, 31
1331311333,1 893,3 634,.3 336, 3
11331838, 3 331393111433, 8 33311111313,3

31186, 4. 331,4 133933131439· 83516 13366331331.

11133 333,3 393,6. 434, compano 363 3 333311313186ο,3

3 1331916136,64ο3,8443,3ο311116343,.3 3894
88881834· 8938188» ²7⁴²2³ 888811181811· 1143 .
4, 469 33 compedibus 833 1 33331331336,3

8118184881 8181188811 8811811ξξξ,1.1.,,

333113υά1361, 9 compellerer 663 3 3331131131399, 4

3363313933 compen 31 33 34 1333163383 ,

31313ο9,.3 384, 33418, compcnt 838 3ο 1336311334

3. 336,4. 333,36. 333, compescant 7818 31311113333,6

6. 3339. 807,118 69, compesce 70, 3 333,3. 3333136313 3483

3 343, 3 ,33331361 346, 8

3131331311368 ,34 13139313313319, 13 13363131 331, 3

3131116113 363, compesceret 5 9, 3 33131313116111383,3

mica 131 8798, 33 compescet 864, 9 concredere 693,3
3313931311336, 3 3311336113 938 3

11111313,6, 6333, 4, 633, compilasse 515‚87 concupiverit 443,3

4. 63,69. ο9,4, 333, 3313911331313,8 concurrant 5744 Ι
3. 8638 3331913641,6,66ς,ς. 698, ω33111111833,4

331331133,313,13 1 31 3333331131336,6
31131363. 33ο,.8 39ς,3ο1391313831,4. 891‚3 concursus 399,1

9· 4898· 4898· 111»88811188414»18818888183.3

6. 38,16. 639,6 complexus 561‚7 concute §342¹
1131ἓᾷῑζ.. 83111814811111119»
313333383338391 3339133133363, 3143331111113343
3333638134 3433. 3996,6.6818,11,3311631911,3
3318831118 84811. 1168 ·8·14·1 8818881141
113113331339,1ο 83913 3336163111633, 8416
1111313311 18, 3 . 33139333 33346 861, 4 3111616114, 4. 334, 3» »4638
3113113111 8993 componunt 838,6 8698 13111111 3448

1133111113 888, 3 comportatione, 5 condiscat 343, 3
1133111113, 1. 436, ιο 3313931131648,1ο 1311111133 4388
133316333813. 33333 3331931838,11 3336114343

834, 33 893,9 8639663434 13361931193311331813,383, ¹
3331111433,1311193661313,4.383,133

3311113111 34 3. 813,8 6493 3336134343. 333,3, ..843
1311113 633, 4 3339361313 833,1 11

3131333113 831, 6 1331936131 383, 13 33161133 33 4
331111333111,3. 333,4 3313193131 393, 13 ‘¹3⁸3 3336163339,13 339,3
13113133 33811 compre fflo555,9 3336133113 844 3
33136183313883, 11 compto 3331 333111163163143. 169,1
3333633133 389,8 3339164333 3336634994

1, soom. 868,8 3313931131 96,4 conditor 963, 36
,1313631333 13 3133133113,3 conditum 913111. 1111 361,
Junodio 331,1 033333313361, 3 13

3131311111εῇ8 6393 3131313333 12 3331113139111111. 6113184,3

,4396111 3941. 3339. 113311111133341112 336,3.133611313633

 

