voenutonuu 0111111111.ι

8111114761 1711766166 1. 848,16 7066174316

6111611441, 5· 111· 11 6111194661 6111611114· 4161
6131111343, 3. 3463 fluenti 863 7611111111 pauco 891,1
6161116184 61111 1 7111111111· 1661
1116611161 . 711111 14111 f⁰¹⁶¹·e·i³¹¹²2¹³5¹4·4
11416114 403, 14. 6869 8117179163 71113667. 31616. 3681.
1136111166 8611111111 6661 5761. 463. 13334
1131111964 8671161817,9 . 7611117618

1131116611. 71131111ιῖ1 numen 171, 1. 187, 1. 413, forensis 7666
6461611611 , ⁶· 1641· 64111· 661. 7111119111· 11911
7131114361 8· 37418 7016113641 3974, 471,4.
lagrct554,13 61161138,4.148,4 133, 51611 Z
[111616 166 s· 111. ⁸· 414. 1· sn, 1644 661
61111111663. 104, 7. 367, 11. 785, 4. 834,6 7011611341,8.663,3.716,

8. 8363. 4964. 5⁶ ‚1. 86116111664. 31611 8
368,6 8116161864. 3363 7611166316. 6131

1111111114, 6, 3 fluminum 366 rma 163, 3. 478, 12„ 79fi‚4
1111111ιί1 388, 6, 446, 2, fluvii 40 ,3 formabat 54‚9

86811 86166864. 1666 76111147 ,3. 76616873,
81138316. 8963 8111161 6411613 9

1111146, ιο 6611117163 76161116 746, 6. 73336
11141631 61113177,4. 437,4 7616111611 338,3

lavam 13,4 7666116663 79161111 8861

11637318 76617864 76111141 746, 3. ⁶4921

1116 373, 7 sobo 38, 3 7616116141, 3

11164867 focum 4368 7611611841, 16. 8867
6111161111· ³52⁶ 7111114941 7111116961, ¹v

{avus 161, 3 fodiat 757, 1 7611666183, 2

1161Ιὶ 368, 3 7661661177, 1. 3366. 666, 8611136111113166

11666611 183,6 1. 683,ι 761111136813

1167116133, 3 76111616766. 7363 7911166111 311, 7. 816, 3]
71611434. 8863 711641144. 5⁶4, 5 7611114611 9146

1166111464, 3 federa 836, ι 7611646161111834, 14

1166198, 1 7116111 333,7 7616461111 176, 3

116613, 6. 617,8 fedis 269,2 ' formffdft 768, ιο
Ιώ045614. 7878867177· 90714 70781Ιά17187091 ⁸· 73²· 4111
1161141141, 3⁶3ss 7161166361 8661. 8464. 8768
ledi 887, 11 7661174316 76161766 verb. 486, 3. 8164
lestis 131, ι 1111111413, 1. 468,8 7616166161 44 ,11

lentibus 367, 8. 88611 76666114661 , 616611616111,4
1111611061 71111ιὶ17164, 3. 4961 7611111613,3

111719, 7. 8861 741786860643717 7078307747717· 87714
111863 7666114364. 318, 3. 731, 7611111161 341, 9. 3764
1411111114 616 3. 9166 7616686461
11111163 61616616411611116347μ4 7611413163. 3461
11114763 , 74113463 7611111 7868
6411141141. 1· 85⁶· 6111111611· 4961 61111161· 6641161641
1 foln447,8 76113661. 37613. 618,
oren, s· 111. 1 404, f⁰¹²i⁸ ⁹²» ⁶· 1611· 1111· ⁷· 6911

*6 .. 611· 6776· ⁶⁴⁹’⁹‘ 676627, ²¹⁷'¹¹
oren 1 · 1

611611776771615881Λ follibus 3468 761116636. 7⁶²»4

6111 ιοι,1. 16671861. fomenta 468, 14. 311, 11. 791611161611. 6361. 684,
14811· 14616· 837›4 1466144116 1· 69114· 1144
1111484, ιο 7661361,1.631,4.797,1. 61111331. 116, 3. 378,
1166611963. 3661. 363, 867,4 9663 11. 4οι,8. 3861. ⁶3m
4, 343 fonte 177,3. 877,ι 7911141616. 367,7. 638,
rum 44111 6161611 1199 1,· 611· 1· 6661
116667 · 7661161361 7614116364

11147616 61111433, 3. 6661 711661137611

ufflbus 3,1,111,1. 147, 7666661661. 1664. 731, 7614611331
1141114111411. ² 6611161· 1466· 1969
4. 8738 6161163336 ’ 176,7.37ο.7.781,3.491,

 

3414· 54414· ’

