Vocnutonun 03333633,

mnam. 368, 33 ,433, 333633 6333 363,3. 836, mmmmm

663333· 664 ⁸· ⁸9¹1 663·3·>33
33633 363 4 6333463 334,8 terrestriam, 6
3363333633, 83965 88888 19639 8444444836· 16038· ’4073
emm. 5936 munem. 7²724 38633· 793 ²· 843,
3333333333 tepeant 772, 33 63333383. ,33, 3, 39,3, ,333
3333366, 33 8338966868 ¹· 3393 33ο,3 8339,3.
*num 33· 9003 737 888480440503 80 ’ ’573 ᾗ68037· 0·0937
3333638333 83338343,8 49,3. 66, ¹7
3333633333, 33 6336433333 , 3336333633
:nebit 333,3 tepido 639, 4 6666338333
33363338, 6. ,393,34, ,833,ι 3336333338 8333633663 836, 33
mehr} ⁸379,11. 393,9 6393833 836, terrun 8,4. 9,.1 344,6
aenent32,1 65997 666393. 333,3, 3863, 3333633334
3333333333. 383,9 3336 33343. 336,6,3. 6333664384
3336633396 . 3336. 338, 4, 333,.3 tertium 33,8
3333, 363, ιο ,,6364 33, 443, 3, 3336334633
’333366663633 44633. 498,6. 633,6, tesqua 388,
333363 vide 333633 333, 3 3383336333 836, 6
*netum- 3364 “quem 17 8 68683· som· 3433·
{magliam 388,1.g;tu2;artqenre¹7¹gq,7 6363196633 servabit odore· .
33646660338 ῗὲῃαξιῗιξῗῖη 633634 16344
nenmm671,6 4843333833 8343 3633336843, 3633
,3333333943 tem 83828 8686636666 69,ο 3
:enen 73² 821, η teret uerutundm71054 testamentum⁶8753
3333836436. 8936 terete· ,3 366,3 3363333333
uenero, 3383 4333 3336346934 63833333383
333336334333. 334, 36 &geminium teste799‚6
33333333,,,3333 38438 tergerem 34,4 , testim 6,,,3 3399. 3898·
3333 343, 33336346, 12. 369, 9, 663,3 3938
3333393. 36,,46 333, ιο. 6636336633, n 3363ὰί334363

3336 4433· 463»·3···Ξ·44·8 « 8838483346· 3633
som· 3343· 6433 mmmm 681180644· 6343

8.n,3 9¹4»ss · 63 3368333483, 63333963
2:130523‘2. ,,,.. 64ᾘὲ8284844 &231532‘2‘33355
333363 2⁶0, 10 6333ῑ663689,3 6838833333, 8839, ,933,
3333338333 3333333333. 498, 10 4
,3633333333488 3333333833 683 3 8364333343 333,ι, 348,3
3333333333. 83433 8336363331, 3 8,3333333 3, 349,3ι
33333343, ι 3333333, 3. 3333, 363, 3. ’8363363333 3
3333633633 3933. 4933. 4946, Τ,.33333333 636. 4οο,3
33333433. 383,8. 8663 5666 Teucro, 32, 8bis 383,8
{xm} 4, 444864ζῖ4 ,44,,4,-’,4. 8398. gwy

8

cnutum 333, 36 633, 33 33333338 33, 9
6333338339, 3. 843,6, 893, 5 ternumque 398 3 tems 434 ιο
gunza& 3948 3332333343. ⁷1⁵05, ⁵1· 206‚3. 9439933110 86393
44644 3343333343..6343645...
6666666366ῧῶ 4.·457:7 36846. 688, 6633333839,9 m
6666664632 366, 6663663, ,οε 3 theff⁸z¹2⁴2⁹ss4⁹ ’4444 6044
3333333866 mmmmm· ¹5¹23 3,,333 3633333843. 8333, 833, 3
3333334999 3. 34,.33 83446 Thebe 3833
63363333, 3. 63ι,7. 78953 tertull, 6, 50, 33. 216, 4, 4,.Γ13386333398 907,6”
33334333. 333, 33. 333,9. 3ο,8 .444,3 695,1· 8638363439

333,.3 633,3. 633,4, 83,ς Τ33633333861,9

363, 10. 83333 terreat 333, 3 633, 33 Τ63633,39,3

6336338363 . 3333333333, 3333 Thebis69c‚ 1,85o,12·882,4

 

